"service_id","monday","tuesday","wednesday","thursday","friday","saturday","sunday","start_date","end_date"
21.0,0,0,0,0,0,0,1,20150621,20150830
23.0,1,1,1,1,0,0,0,20150622,20150903
24.0,0,0,0,0,0,1,0,20150627,20150905
46.0,0,0,0,0,1,0,0,20150626,20150904
1.201909122020061E16,1,1,1,1,1,1,1,20190912,20200610
2.2019091220191116E16,1,1,1,1,1,1,0,20190912,20191117
2.2019091220200608E16,1,1,1,1,1,1,0,20190912,20200610
2.2019100720200608E16,1,1,1,1,1,1,0,20191007,20200610
2.2019111820200608E16,1,1,1,1,1,1,0,20191118,20200610
3.2019091220200608E16,1,1,1,1,1,1,0,20190912,20200610
5.2019091220200608E16,0,0,0,0,0,0,1,20190912,20200610
9.2019091220200608E16,1,1,1,1,1,0,0,20190912,20200610
9.2019092020200608E16,1,1,1,1,1,0,0,20190920,20200610
1.0201909122019112E17,1,1,1,1,1,0,0,20190912,20191117
1.02019091220200608E17,1,1,1,1,1,0,0,20190912,20200610
1.02019111820200608E17,1,1,1,1,1,0,0,20191118,20200610
2.52019091220200608E17,0,0,0,0,0,1,0,20190912,20200610
5.920190912201911E17,1,1,1,1,1,1,0,20190912,20191117
5.9201909122020058E17,1,1,1,1,1,1,0,20190912,20200610
5.9201911182020058E17,1,1,1,1,1,1,0,20191118,20200610
6.020190912201911E17,1,1,1,1,1,1,0,20190912,20191117
6.0201909122020058E17,1,1,1,1,1,1,0,20190912,20200610
6.0201911182020058E17,1,1,1,1,1,1,0,20191118,20200610
6.2201909122020058E17,0,0,0,0,0,0,1,20190912,20200610
6.620190912201911E17,1,1,1,1,1,0,0,20190912,20191117
6.6201909122020058E17,1,1,1,1,1,0,0,20190912,20200610
6.6201909172020058E17,1,1,1,1,1,0,0,20190917,20200610
6.6201911182020058E17,1,1,1,1,1,0,0,20191118,20200610
6.720190912201911E17,1,1,1,1,1,0,0,20190912,20191117
6.7201909122020058E17,1,1,1,1,1,0,0,20190912,20200610
6.7201911182020058E17,1,1,1,1,1,0,0,20191118,20200610
6.8201909122020058E17,1,1,1,1,0,0,0,20190912,20200610
6.9201909122020058E17,0,0,0,0,1,0,0,20190912,20200610
7.7201909122020058E17,0,0,0,0,0,1,0,20190912,20200610
8.220190912201911E17,0,0,0,0,0,1,0,20190912,20191117
8.2201909122020058E17,0,0,0,0,0,1,0,20190912,20200610
1.09201909122020058E18,1,1,1,1,1,1,0,20190912,20200610
1.2019091220191214E16,1,1,1,1,1,1,1,20190912,20191214
1.2019091220200626E16,1,1,1,1,1,1,1,20190912,20200626
1.2019100820200626E16,1,1,1,1,1,1,1,20191008,20200626
1.2019102820200626E16,1,1,1,1,1,1,1,20191028,20200626
1.2019121420200626E16,1,1,1,1,1,1,1,20191214,20200626
1.2019121520200626E16,1,1,1,1,1,1,1,20191215,20200626
2.2019091220191216E16,1,1,1,1,1,1,0,20190912,20191214
2.2019091220200624E16,1,1,1,1,1,1,0,20190912,20200626
2.2019091320200624E16,1,1,1,1,1,1,0,20190913,20200626
2.2019092020200624E16,1,1,1,1,1,1,0,20190920,20200626
2.2019092120200624E16,1,1,1,1,1,1,0,20190921,20200626
2.2019092820200624E16,1,1,1,1,1,1,0,20190928,20200626
2.2019100820200624E16,1,1,1,1,1,1,0,20191008,20200626
2.2019101420200624E16,1,1,1,1,1,1,0,20191014,20200626
2.2019101920200624E16,1,1,1,1,1,1,0,20191019,20200626
2.2019102220200624E16,1,1,1,1,1,1,0,20191022,20200626
2.2019102420200624E16,1,1,1,1,1,1,0,20191024,20200626
2.2019102820200624E16,1,1,1,1,1,1,0,20191028,20200626
2.2019103020200624E16,1,1,1,1,1,1,0,20191030,20200626
2.2019111120200624E16,1,1,1,1,1,1,0,20191111,20200626
2.2019111220200624E16,1,1,1,1,1,1,0,20191112,20200626
2.2019111320191128E16,1,1,1,1,1,1,0,20191113,20191130
2.2019111420200624E16,1,1,1,1,1,1,0,20191114,20200626
2.2019120120200328E16,1,1,1,1,1,1,0,20191201,20200329
2.2019121520200624E16,1,1,1,1,1,1,0,20191215,20200626
2.2019122320200412E16,1,1,1,1,1,1,0,20191223,20200411
2.2020040120200624E16,1,1,1,1,1,1,0,20200401,20200626
4.2019091220191216E16,1,1,1,1,1,0,0,20190912,20191214
4.2019091220200608E16,1,1,1,1,1,0,0,20190912,20200610
4.2019091220200624E16,1,1,1,1,1,0,0,20190912,20200626
4.2019092020200624E16,1,1,1,1,1,0,0,20190920,20200626
4.2019100820200624E16,1,1,1,1,1,0,0,20191008,20200626
4.2019101020200624E16,1,1,1,1,1,0,0,20191010,20200626
4.2019101420200624E16,1,1,1,1,1,0,0,20191014,20200626
4.2019101920200624E16,1,1,1,1,1,0,0,20191019,20200626
4.2019102220200624E16,1,1,1,1,1,0,0,20191022,20200626
4.2019102820200624E16,1,1,1,1,1,0,0,20191028,20200626
4.2019111120200624E16,1,1,1,1,1,0,0,20191111,20200626
4.2019121520200624E16,1,1,1,1,1,0,0,20191215,20200626
5.2019091220200624E16,1,1,1,1,1,1,0,20190912,20200626
5.2019091320200624E16,1,1,1,1,1,1,0,20190913,20200626
5.2019092020200624E16,1,1,1,1,1,1,0,20190920,20200626
5.2019092120200624E16,1,1,1,1,1,1,0,20190921,20200626
5.2019100820200624E16,1,1,1,1,1,1,0,20191008,20200626
5.2019101620200624E16,1,1,1,1,1,1,0,20191016,20200626
5.2019101920200624E16,1,1,1,1,1,1,0,20191019,20200626
5.2019102220200624E16,1,1,1,1,1,1,0,20191022,20200626
5.2019102420200624E16,1,1,1,1,1,1,0,20191024,20200626
5.2019102820200624E16,1,1,1,1,1,1,0,20191028,20200626
5.2019111120200624E16,1,1,1,1,1,1,0,20191111,20200626
5.2019111220200624E16,1,1,1,1,1,1,0,20191112,20200626
5.2019112520200624E16,1,1,1,1,1,1,0,20191125,20200626
6.201909122019112E16,1,1,1,1,1,0,0,20190912,20191117
6.2019091220200624E16,1,1,1,1,1,0,0,20190912,20200626
6.2019091820200624E16,1,1,1,1,1,0,0,20190918,20200626
6.2019091920200624E16,1,1,1,1,1,0,0,20190919,20200626
6.2019092020200624E16,1,1,1,1,1,0,0,20190920,20200626
6.2019092120200624E16,1,1,1,1,1,0,0,20190921,20200626
6.2019100820200624E16,1,1,1,1,1,0,0,20191008,20200626
6.2019101420200624E16,1,1,1,1,1,0,0,20191014,20200626
6.2019101920200624E16,1,1,1,1,1,0,0,20191019,20200626
6.2019102120200624E16,1,1,1,1,1,0,0,20191021,20200626
6.2019102220200624E16,1,1,1,1,1,0,0,20191022,20200626
6.2019102420200624E16,1,1,1,1,1,0,0,20191024,20200626
6.2019102820200624E16,1,1,1,1,1,0,0,20191028,20200626
6.2019103120200624E16,1,1,1,1,1,0,0,20191031,20200626
6.2019110620200624E16,1,1,1,1,1,0,0,20191106,20200626
6.2019111120200624E16,1,1,1,1,1,0,0,20191111,20200626
6.2019111820200624E16,1,1,1,1,1,0,0,20191118,20200626
6.2019112520200624E16,1,1,1,1,1,0,0,20191125,20200626
7.2019091120200624E16,0,0,0,0,0,0,1,20190911,20200626
7.2019091220191216E16,0,0,0,0,0,0,1,20190912,20191214
7.2019091220200624E16,0,0,0,0,0,0,1,20190912,20200626
7.2019092020200624E16,0,0,0,0,0,0,1,20190920,20200626
7.2019100820200624E16,0,0,0,0,0,0,1,20191008,20200626
7.2019101920200624E16,0,0,0,0,0,0,1,20191019,20200626
7.2019102020200624E16,0,0,0,0,0,0,1,20191020,20200626
7.2019102420200624E16,0,0,0,0,0,0,1,20191024,20200626
7.2019102820200624E16,0,0,0,0,0,0,1,20191028,20200626
7.2019112420191208E16,0,0,0,0,0,0,1,20191124,20191208
7.2019120120200328E16,0,0,0,0,0,0,1,20191201,20200329
7.2019121520200624E16,0,0,0,0,0,0,1,20191215,20200626
7.2019122120200328E16,0,0,0,0,0,0,1,20191221,20200329
7.2019122220200328E16,0,0,0,0,0,0,1,20191222,20200329
7.2019122320200328E16,0,0,0,0,0,0,1,20191223,20200329
9.2019091220200624E16,1,1,1,1,1,1,0,20190912,20200626
9.2019091320200624E16,1,1,1,1,1,1,0,20190913,20200626
9.2019091920200624E16,1,1,1,1,1,1,0,20190919,20200626
9.2019092020200624E16,1,1,1,1,1,1,0,20190920,20200626
9.2019092120200624E16,1,1,1,1,1,1,0,20190921,20200626
9.2019100820200624E16,1,1,1,1,1,1,0,20191008,20200626
9.2019101620200624E16,1,1,1,1,1,1,0,20191016,20200626
9.2019101920200624E16,1,1,1,1,1,1,0,20191019,20200626
9.2019102220200624E16,1,1,1,1,1,1,0,20191022,20200626
9.2019102820200624E16,1,1,1,1,1,1,0,20191028,20200626
9.2019111120200624E16,1,1,1,1,1,1,0,20191111,20200626
3.0201909122020064E17,0,0,0,0,0,0,0,20190912,20200626
3.5201909122020064E17,0,0,0,0,0,0,0,20190912,20200626
3.5201910192020064E17,0,0,0,0,0,0,0,20191019,20200626
3.9201909122020064E17,0,1,0,1,0,1,0,20190912,20200626
3.9201910022020064E17,0,1,0,1,0,1,0,20191002,20200626
4.0201909122020064E17,0,0,0,0,1,0,0,20190912,20200626
4.0201910282020064E17,0,0,0,0,1,0,0,20191028,20200626
4.1201909122020064E17,0,0,1,0,0,0,0,20190912,20200626
5.0201909122020064E17,0,0,0,1,0,0,0,20190912,20200626
5.0201910142020064E17,0,0,0,1,0,0,0,20191014,20200626
8.2201909122020058E17,0,0,0,0,0,1,0,20190912,20200626
8.2201909202020058E17,0,0,0,0,0,1,0,20190920,20200626
8.2201909212020058E17,0,0,0,0,0,1,0,20190921,20200626
8.2201910192020058E17,0,0,0,0,0,1,0,20191019,20200626
8.2201910222020058E17,0,0,0,0,0,1,0,20191022,20200626
8.2201910282020058E17,0,0,0,0,0,1,0,20191028,20200626
4.5120190912201912E18,0,0,0,0,0,1,0,20190912,20191214
4.5120190912202004E18,0,0,0,0,0,1,0,20190912,20200610
4.5120190912202004E18,0,0,0,0,0,1,0,20190912,20200626
4.5120190919202007E18,0,0,0,0,0,1,0,20190919,20200626
4.5120191008202004E18,0,0,0,0,0,1,0,20191008,20200626
4.5120191019202007E18,0,0,0,0,0,1,0,20191019,20200626
4.5120191028202004E18,0,0,0,0,0,1,0,20191028,20200626
4.5120191124201912E18,0,0,0,0,0,1,0,20191124,20191208
4.5120191215202007E18,0,0,0,0,0,1,0,20191215,20200626
4.5120191221202002E18,0,0,0,0,0,1,0,20191221,20200329
4.5120191222202004E18,0,0,0,0,0,1,0,20191222,20200329
5.5520190912202004E18,0,1,1,0,1,0,0,20190912,20200626
5.9020190912202004E18,1,1,1,1,1,0,0,20190912,20200626
5.9020191008202004E18,1,1,1,1,1,0,0,20191008,20200626
5.9020191028202004E18,1,1,1,1,1,0,0,20191028,20200626
5.9020191224202004E18,1,1,1,1,1,0,0,20191224,20200305
5.9020200609202002E18,1,1,1,1,1,0,0,20200609,20200621
6.2020191208202004E18,1,1,1,1,1,1,0,20191208,20200329
6.2020191208202004E18,1,1,1,1,1,1,0,20191208,20200331
6.2120191208202004E18,0,0,0,0,0,0,1,20191208,20200329
6.2120191208202004E18,0,0,0,0,0,0,1,20191208,20200331
6.2220191208202004E18,1,1,1,1,1,0,0,20191208,20200331
6.2320191208202004E18,0,0,0,0,0,1,0,20191208,20200331
6.2620190912202004E18,0,1,0,0,1,0,0,20190912,20200626
6.2720190912202004E18,0,1,0,0,0,0,0,20190912,20200626
6.2720191028202004E18,0,1,0,0,0,0,0,20191028,20200626
6.3620190912202004E18,0,0,0,0,1,0,0,20190912,20200626
6.3720190912202004E18,1,1,1,1,0,0,0,20190912,20200626
6.3720190921202002E18,1,1,1,1,0,0,0,20190921,20200626
6.4620190912202004E18,0,0,0,0,0,1,0,20190912,20200626
6.4620191028202004E18,0,0,0,0,0,1,0,20191028,20200626
6.512019101420201E18,1,0,0,0,0,0,0,20191014,20200626
6.5320190912202004E18,1,0,0,1,0,0,0,20190912,20200626
6.5320190920202004E18,1,0,0,1,0,0,0,20190920,20200626
