route_id,trip_id,service_id
1001,1,23
1001,10,23
1001,100,24
1011,1000,46
1011,1001,46
1011,1002,46
1011,1003,46
1011,1004,46
1011,1005,46
1011,1006,46
1011,1007,46
1011,1008,46
1011,1009,46
1001,101,24
1011,1010,46
1011,1011,46
1011,1012,46
1011,1013,46
1011,1014,46
1011,1015,46
1011,1016,46
1011,1017,46
1011,1018,46
1011,1019,46
1001,102,24
1011,1020,46
1011,1021,46
1011,1022,46
1011,1023,46
1011,1024,46
1011,1025,46
1011,1026,46
1011,1027,46
1011,1028,46
1011,1029,46
1001,103,24
1011,1030,46
1011,1031,46
1011,1032,46
1011,1033,46
1011,1034,46
1011,1035,46
1011,1036,46
1011,1037,46
1011,1038,46
1011,1039,23
1001,104,24
1011,1040,46
1012,1041,23
1012,1042,23
1012,1043,23
1012,1044,23
1012,1045,23
1012,1046,23
1012,1047,23
1012,1048,23
1012,1049,23
1001,105,24
1012,1050,23
1012,1051,23
1012,1052,23
1012,1053,23
1012,1054,23
1012,1055,23
1012,1056,23
1012,1057,23
1012,1058,23
1012,1059,23
1001,106,24
1012,1060,23
1012,1061,23
1012,1062,23
1012,1063,23
1012,1064,23
1012,1065,23
1012,1066,24
1012,1067,24
1012,1068,24
1012,1069,24
1001,107,24
1012,1070,24
1012,1071,24
1012,1072,24
1012,1073,24
1012,1074,24
1012,1075,24
1012,1076,24
1012,1077,24
1012,1078,24
1012,1079,24
1001,108,24
1012,1080,24
1012,1081,24
1012,1082,24
1012,1083,24
1012,1084,24
1012,1085,24
1012,1086,24
1012,1087,24
1012,1088,24
1012,1089,24
1001,109,46
1012,1090,24
1012,1091,46
1012,1092,46
1012,1093,46
1012,1094,46
1012,1095,46
1012,1096,46
1012,1097,46
1012,1098,46
1012,1099,46
1001,11,23
1001,110,46
1012,1100,46
1012,1101,46
1012,1102,46
1012,1103,46
1012,1104,46
1012,1105,46
1012,1106,46
1012,1107,46
1012,1108,46
1012,1109,46
1001,111,46
1012,1110,46
1012,1111,46
1012,1112,46
1012,1113,46
1012,1114,46
1012,1115,46
1014,1116,21
1014,1117,21
1014,1118,21
1014,1119,21
1001,112,46
1014,1120,21
1014,1121,21
1014,1122,21
1014,1123,21
1014,1124,21
1014,1125,21
1014,1126,21
1014,1127,21
1014,1128,21
1014,1129,21
1001,113,46
1014,1130,21
1014,1131,21
1014,1132,21
1014,1133,21
1014,1134,21
1014,1135,21
1014,1136,21
1014,1137,21
1014,1138,21
1014,1139,21
1001,114,46
1014,1140,21
1014,1141,21
1014,1142,21
1014,1143,21
1014,1144,21
1014,1145,21
1014,1146,21
1014,1147,21
1014,1148,21
1014,1149,21
1001,115,46
1014,1150,21
1014,1151,21
1014,1152,21
1014,1153,21
1014,1154,21
1014,1155,21
1014,1156,21
1014,1157,21
1014,1158,21
1014,1159,21
1001,116,46
1014,1160,21
1014,1161,21
1014,1162,21
1014,1163,21
1014,1164,21
1014,1165,21
1153,1166,23
1153,1167,23
1153,1168,23
1153,1169,23
1001,117,46
1153,1170,23
1153,1171,23
1153,1172,23
1153,1173,23
1153,1174,23
1153,1175,23
1153,1176,23
1153,1177,21
1153,1178,21
1153,1179,21
1001,118,46
1153,1180,21
1153,1181,21
1153,1182,21
1153,1183,21
1153,1184,21
1153,1185,21
1153,1186,21
1153,1187,21
1153,1188,21
1153,1189,46
1001,119,46
1153,1190,46
1153,1191,46
1153,1192,46
1153,1193,46
1153,1194,46
1153,1195,46
1153,1196,46
1153,1197,46
1153,1198,46
1153,1199,46
1001,12,23
1001,120,46
1153,1200,23
1153,1201,24
1153,1202,21
1153,1203,46
1153,1204,24
1153,1205,24
1153,1206,24
1153,1207,24
1153,1208,24
1153,1209,24
1001,121,46
1153,1210,24
1153,1211,24
1153,1212,24
1153,1213,24
1153,1214,24
1153,1215,24
1153,1216,24
1153,1217,23
1153,1218,46
110,1219,23
1001,122,46
110,1220,23
110,1221,46
110,1222,46
110,1223,23
110,1224,23
110,1225,46
110,1226,46
110,1227,23
110,1228,23
110,1229,21
1001,123,46
110,1230,21
110,1231,46
110,1232,46
110,1233,23
110,1234,23
110,1235,23
110,1236,23
110,1237,23
110,1238,23
110,1239,23
1001,124,46
110,1240,23
110,1241,23
110,1242,23
110,1243,23
110,1244,23
110,1245,23
110,1246,23
110,1247,23
110,1248,23
110,1249,23
1001,125,46
110,1250,23
110,1251,23
110,1252,23
110,1253,23
110,1254,23
110,1255,23
110,1256,23
110,1257,23
110,1258,23
110,1259,23
1001,126,46
110,1260,23
110,1261,23
110,1262,23
110,1263,23
110,1264,23
110,1265,23
110,1266,23
110,1267,23
110,1268,23
110,1269,23
1001,127,46
110,1270,23
110,1271,23
110,1272,23
110,1273,23
110,1274,23
110,1275,23
110,1276,23
110,1277,23
110,1278,23
110,1279,21
1001,128,46
110,1280,21
110,1281,21
110,1282,21
110,1283,21
110,1284,21
110,1285,21
110,1286,21
110,1287,21
110,1288,21
110,1289,21
1001,129,46
110,1290,21
110,1291,21
110,1292,21
110,1293,21
110,1294,21
110,1295,21
110,1296,21
110,1297,21
110,1298,21
110,1299,21
1001,13,23
1001,130,46
110,1300,21
110,1301,21
110,1302,21
110,1303,21
110,1304,21
110,1305,21
110,1306,21
110,1307,21
110,1308,21
110,1309,21
1001,131,46
110,1310,21
110,1311,46
110,1312,46
110,1313,46
110,1314,46
110,1315,46
110,1316,46
110,1317,46
110,1318,46
110,1319,46
1001,132,46
110,1320,46
110,1321,46
110,1322,46
110,1323,46
110,1324,46
110,1325,46
110,1326,46
110,1327,46
110,1328,46
110,1329,46
1001,133,46
110,1330,46
110,1331,46
110,1332,46
110,1333,46
110,1334,46
110,1335,46
110,1336,46
110,1337,46
110,1338,46
110,1339,46
1001,134,46
110,1340,46
110,1341,46
110,1342,46
110,1343,46
110,1344,46
110,1345,46
110,1346,46
110,1347,46
110,1348,46
110,1349,46
1001,135,46
110,1350,46
110,1351,46
110,1352,46
110,1353,46
110,1354,46
110,1355,46
110,1356,46
110,1357,23
110,1358,23
110,1359,23
1001,136,46
110,1360,46
110,1361,46
110,1362,46
110,1363,24
110,1364,24
110,1365,24
110,1366,24
110,1367,24
110,1368,24
110,1369,24
1001,137,46
110,1370,24
110,1371,24
110,1372,24
110,1373,24
110,1374,24
110,1375,24
110,1376,24
110,1377,24
110,1378,24
110,1379,24
1001,138,46
110,1380,24
110,1381,24
110,1382,24
110,1383,24
110,1384,24
110,1385,24
110,1386,24
110,1387,24
110,1388,24
110,1389,24
1001,139,46
110,1390,24
110,1391,24
110,1392,24
110,1393,24
110,1394,24
110,1395,24
110,1396,24
110,1397,24
110,1398,24
110,1399,24
1001,14,23
1001,140,46
110,1400,24
110,1401,24
110,1402,24
110,1403,24
110,1404,24
110,1405,24
110,1406,24
110,1407,24
110,1408,24
110,1409,24
1001,141,46
110,1410,24
110,1411,24
110,1412,24
110,1413,24
110,1414,24
110,1415,24
110,1416,24
110,1417,24
110,1418,24
110,1419,24
1001,142,46
110,1420,24
110,1421,24
110,1422,24
110,1423,23
110,1424,23
110,1425,23
110,1426,23
110,1427,23
110,1428,23
110,1429,23
1001,143,46
110,1430,23
110,1431,23
110,1432,23
110,1433,23
110,1434,23
110,1435,23
110,1436,23
110,1437,23
110,1438,23
110,1439,23
1001,144,46
110,1440,23
110,1441,23
110,1442,23
110,1443,23
110,1444,23
110,1445,23
110,1446,23
110,1447,23
110,1448,23
110,1449,23
1001,145,46
110,1450,23
110,1451,23
110,1452,23
110,1453,23
110,1454,23
110,1455,23
110,1456,23
110,1457,23
110,1458,23
110,1459,23
1001,146,46
110,1460,23
110,1461,23
110,1462,23
110,1463,23
110,1464,23
110,1465,23
110,1466,23
110,1467,23
110,1468,23
110,1469,21
1001,147,46
110,1470,21
110,1471,21
110,1472,21
110,1473,21
110,1474,21
110,1475,21
110,1476,21
110,1477,21
110,1478,21
110,1479,21
1001,148,46
110,1480,21
110,1481,21
110,1482,21
110,1483,21
110,1484,21
110,1485,21
110,1486,21
110,1487,21
110,1488,21
110,1489,21
1001,149,46
110,1490,21
110,1491,21
110,1492,21
110,1493,21
110,1494,21
110,1495,21
110,1496,21
110,1497,21
110,1498,21
110,1499,21
1001,15,23
1001,150,46
110,1500,21
110,1501,46
110,1502,46
110,1503,46
110,1504,46
110,1505,46
110,1506,46
110,1507,46
110,1508,46
110,1509,46
1001,151,46
110,1510,46
110,1511,46
110,1512,46
110,1513,46
110,1514,46
110,1515,46
110,1516,46
110,1517,46
110,1518,46
110,1519,46
1001,152,46
110,1520,46
110,1521,46
110,1522,46
110,1523,46
110,1524,46
110,1525,46
110,1526,46
110,1527,46
110,1528,46
110,1529,46
1001,153,46
110,1530,46
110,1531,46
110,1532,46
110,1533,46
110,1534,46
110,1535,46
110,1536,46
110,1537,46
110,1538,46
110,1539,46
1001,154,46
110,1540,46
110,1541,46
110,1542,46
110,1543,46
110,1544,46
110,1545,46
110,1546,46
110,1547,23
110,1548,23
110,1549,21
1001,155,46
110,1550,21
110,1551,21
110,1552,46
110,1553,46
110,1554,23
110,1555,46
110,1556,23
110,1557,46
110,1558,24
110,1559,24
1001,156,46
110,1560,24
110,1561,24
110,1562,24
110,1563,24
110,1564,24
110,1565,24
110,1566,24
110,1567,24
110,1568,24
110,1569,24
1001,157,46
110,1570,24
110,1571,24
110,1572,24
110,1573,24
110,1574,24
110,1575,24
110,1576,24
110,1577,24
110,1578,24
110,1579,24
1001,158,46
110,1580,24
110,1581,24
110,1582,24
110,1583,24
110,1584,24
110,1585,24
110,1586,24
110,1587,24
110,1588,24
110,1589,24
1001,159,46
110,1590,24
110,1591,24
110,1592,24
110,1593,24
110,1594,24
110,1595,24
110,1596,24
110,1597,24
110,1598,24
110,1599,24
1001,16,23
1001,160,46
110,1600,24
110,1601,24
110,1602,24
110,1603,24
110,1604,24
110,1605,24
110,1606,24
110,1607,24
110,1608,24
110,1609,24
1001,161,46
110,1610,24
110,1611,24
110,1612,24
110,1613,24
110,1614,24
110,1615,24
110,1616,24
110,1617,24
110,1618,24
110,1619,24
1001,162,46
110,1620,24
110,1621,24
110,1622,24
110,1623,24
110,1624,24
110,1625,24
1003,1626,23
1003,1627,23
1003,1628,23
1003,1629,23
1001,163,23
1003,1630,23
1003,1631,23
1003,1632,23
1003,1633,23
1003,1634,23
1003,1635,23
1003,1636,23
1003,1637,23
1003,1638,23
1003,1639,23
1001,164,23
1003,1640,23
1003,1641,23
1003,1642,23
1003,1643,23
1003,1644,23
1003,1645,23
1003,1646,23
1003,1647,23
1003,1648,23
1003,1649,23
1001,165,23
1003,1650,23
1003,1651,23
1003,1652,23
1003,1653,23
1003,1654,23
1003,1655,23
1003,1656,23
1003,1657,23
1003,1658,23
1003,1659,23
1001,166,23
1003,1660,23
1003,1661,23
1003,1662,23
1003,1663,23
1003,1664,23
1003,1665,23
1003,1666,23
1003,1667,23
1003,1668,23
1003,1669,23
1001,167,23
1003,1670,23
1003,1671,23
1003,1672,23
1003,1673,23
1003,1674,23
1003,1675,23
1003,1676,23
1003,1677,23
1003,1678,23
1003,1679,23
1001,168,23
1003,1680,23
1003,1681,23
1003,1682,23
1003,1683,23
1003,1684,23
1003,1685,23
1003,1686,23
1003,1687,23
1003,1688,23
1003,1689,23
1001,169,23
1003,1690,23
1003,1691,23
1003,1692,23
1003,1693,23
1003,1694,23
1003,1695,23
1003,1696,23
1003,1697,21
1003,1698,21
1003,1699,21
1001,17,23
1001,170,23
1003,1700,21
1003,1701,21
1003,1702,21
1003,1703,21
1003,1704,21
1003,1705,21
1003,1706,21
1003,1707,21
1003,1708,21
1003,1709,21
1001,171,23
1003,1710,21
1003,1711,21
1003,1712,21
1003,1713,21
1003,1714,21
1003,1715,21
1003,1716,21
1003,1717,21
1003,1718,21
1003,1719,21
1001,172,23
1003,1720,21
1003,1721,21
1003,1722,21
1003,1723,21
1003,1724,46
1003,1725,46
1003,1726,46
1003,1727,46
1003,1728,46
1003,1729,46
1001,173,23
1003,1730,46
1003,1731,46
1003,1732,46
1003,1733,46
1003,1734,46
1003,1735,46
1003,1736,46
1003,1737,46
1003,1738,46
1003,1739,46
1001,174,23
1003,1740,46
1003,1741,46
1003,1742,46
1003,1743,46
1003,1744,46
1003,1745,46
1003,1746,46
1003,1747,46
1003,1748,46
1003,1749,46
1001,175,23
1003,1750,46
1003,1751,46
1003,1752,46
1003,1753,46
1003,1754,46
1003,1755,46
1003,1756,46
1003,1757,46
1003,1758,46
1003,1759,46
1001,176,23
1003,1760,46
1003,1761,46
1003,1762,46
1003,1763,46
1003,1764,46
1003,1765,46
1003,1766,46
1003,1767,46
1003,1768,46
1003,1769,46
1001,177,23
1003,1770,46
1003,1771,46
1003,1772,46
1003,1773,46
1003,1774,46
1003,1775,46
1003,1776,46
1003,1777,46
1003,1778,46
1003,1779,46
1001,178,23
1003,1780,46
1003,1781,46
1003,1782,46
1003,1783,46
1003,1784,46
1003,1785,46
1003,1786,46
1003,1787,46
1003,1788,46
1003,1789,46
1001,179,23
1003,1790,46
1003,1791,46
1003,1792,46
1003,1793,46
1003,1794,46
1003,1795,24
1003,1796,24
1003,1797,24
1003,1798,24
1003,1799,24
1001,18,23
1001,180,23
1003,1800,24
1003,1801,24
1003,1802,24
1003,1803,24
1003,1804,24
1003,1805,24
1003,1806,24
1003,1807,24
1003,1808,24
1003,1809,24
1001,181,23
1003,1810,24
1003,1811,24
1003,1812,24
1003,1813,24
1003,1814,24
1003,1815,24
1003,1816,24
1003,1817,24
1003,1818,24
1003,1819,24
1001,182,23
1003,1820,24
1003,1821,24
1003,1822,24
1003,1823,24
1003,1824,24
1003,1825,24
1003,1826,24
1003,1827,24
1003,1828,24
1003,1829,24
1001,183,23
1003,1830,24
1003,1831,24
1003,1832,24
1003,1833,24
1003,1834,24
1003,1835,24
1003,1836,24
1003,1837,24
1003,1838,24
1003,1839,24
1001,184,23
1003,1840,24
1003,1841,24
1003,1842,24
1003,1843,24
1003,1844,24
1003,1845,24
1003,1846,24
1003,1847,23
1003,1848,23
1003,1849,23
1001,185,23
1003,1850,23
1003,1851,23
1003,1852,23
1003,1853,23
1003,1854,23
1003,1855,23
1003,1856,23
1003,1857,23
1003,1858,23
1003,1859,23
1001,186,23
1003,1860,23
1003,1861,23
1003,1862,23
1003,1863,23
1003,1864,23
1003,1865,23
1003,1866,23
1003,1867,23
1003,1868,23
1003,1869,23
1001,187,23
1003,1870,23
1003,1871,23
1003,1872,23
1003,1873,23
1003,1874,23
1003,1875,23
1003,1876,23
1003,1877,23
1003,1878,23
1003,1879,23
1001,188,23
1003,1880,23
1003,1881,23
1003,1882,23
1003,1883,23
1003,1884,23
1003,1885,23
1003,1886,23
1003,1887,23
1003,1888,23
1003,1889,23
1001,189,23
1003,1890,23
1003,1891,23
1003,1892,23
1003,1893,23
1003,1894,23
1003,1895,23
1003,1896,23
1003,1897,23
1003,1898,23
1003,1899,23
1001,19,23
1001,190,23
1003,1900,23
1003,1901,23
1003,1902,23
1003,1903,23
1003,1904,23
1003,1905,23
1003,1906,23
1003,1907,23
1003,1908,23
1003,1909,23
1001,191,23
1003,1910,23
1003,1911,23
1003,1912,23
1003,1913,23
1003,1914,23
1003,1915,23
1003,1916,23
1003,1917,23
1003,1918,23
1003,1919,23
1001,192,23
1003,1920,21
1003,1921,21
1003,1922,21
1003,1923,21
1003,1924,21
1003,1925,21
1003,1926,21
1003,1927,21
1003,1928,21
1003,1929,21
1001,193,23
1003,1930,21
1003,1931,21
1003,1932,21
1003,1933,21
1003,1934,21
1003,1935,21
1003,1936,21
1003,1937,21
1003,1938,21
1003,1939,21
1001,194,23
1003,1940,21
1003,1941,21
1003,1942,21
1003,1943,21
1003,1944,21
1003,1945,21
1003,1946,21
1003,1947,46
1003,1948,46
1003,1949,46
1001,195,23
1003,1950,46
1003,1951,46
1003,1952,46
1003,1953,46
1003,1954,46
1003,1955,46
1003,1956,46
1003,1957,46
1003,1958,46
1003,1959,46
1001,196,23
1003,1960,46
1003,1961,46
1003,1962,46
1003,1963,46
1003,1964,46
1003,1965,46
1003,1966,46
1003,1967,46
1003,1968,46
1003,1969,46
1001,197,23
1003,1970,46
1003,1971,46
1003,1972,46
1003,1973,46
1003,1974,46
1003,1975,46
1003,1976,46
1003,1977,46
1003,1978,46
1003,1979,46
1001,198,23
1003,1980,46
1003,1981,46
1003,1982,46
1003,1983,46
1003,1984,46
1003,1985,46
1003,1986,46
1003,1987,46
1003,1988,46
1003,1989,46
1001,199,23
1003,1990,46
1003,1991,46
1003,1992,46
1003,1993,46
1003,1994,46
1003,1995,46
1003,1996,46
1003,1997,46
1003,1998,46
1003,1999,46
1001,2,23
1001,20,23
1001,200,23
1003,2000,46
1003,2001,46
1003,2002,46
1003,2003,46
1003,2004,46
1003,2005,46
1003,2006,46
1003,2007,46
1003,2008,46
1003,2009,46
1001,201,23
1003,2010,46
1003,2011,46
1003,2012,46
1003,2013,46
1003,2014,46
1003,2015,46
1003,2016,46
1003,2017,46
1003,2018,46
1003,2019,46
1001,202,23
1003,2020,24
1003,2021,24
1003,2022,24
1003,2023,24
1003,2024,24
1003,2025,24
1003,2026,24
1003,2027,24
1003,2028,24
1003,2029,24
1001,203,23
1003,2030,24
1003,2031,24
1003,2032,24
1003,2033,24
1003,2034,24
1003,2035,24
1003,2036,24
1003,2037,24
1003,2038,24
1003,2039,24
1001,204,23
1003,2040,24
1003,2041,24
1003,2042,24
1003,2043,24
1003,2044,24
1003,2045,24
1003,2046,24
1003,2047,24
1003,2048,24
1003,2049,24
1001,205,23
1003,2050,24
1003,2051,24
1003,2052,24
1003,2053,24
1003,2054,24
1003,2055,24
1003,2056,24
1003,2057,24
1003,2058,24
1003,2059,24
1001,206,23
1003,2060,24
1003,2061,24
1003,2062,24
1003,2063,24
1003,2064,24
1003,2065,24
1003,2066,24
1003,2067,24
1003,2068,24
1003,2069,24
1001,207,23
1003,2070,24
1003,2071,24
1003,2072,24
1003,2073,24
1003,2074,24
111,2075,23
111,2076,23
111,2077,23
111,2078,23
111,2079,23
1001,208,23
111,2080,23
111,2081,23
111,2082,23
111,2083,23
111,2084,23
111,2085,23
111,2086,23
111,2087,23
111,2088,23
111,2089,23
1001,209,23
111,2090,23
111,2091,23
111,2092,23
111,2093,23
111,2094,23
111,2095,23
111,2096,23
111,2097,23
111,2098,23
111,2099,23
1001,21,23
1001,210,23
111,2100,23
111,2101,23
111,2102,23
111,2103,23
111,2104,23
111,2105,23
111,2106,23
111,2107,23
111,2108,23
111,2109,23
1001,211,23
111,2110,23
111,2111,23
111,2112,23
111,2113,23
111,2114,46
111,2115,46
111,2116,46
111,2117,46
111,2118,46
111,2119,46
1001,212,23
111,2120,46
111,2121,46
111,2122,46
111,2123,46
111,2124,46
111,2125,46
111,2126,46
111,2127,46
111,2128,46
111,2129,46
1001,213,23
111,2130,46
111,2131,46
111,2132,46
111,2133,46
111,2134,46
111,2135,46
111,2136,46
111,2137,46
111,2138,46
111,2139,46
1001,214,23
111,2140,46
111,2141,46
111,2142,46
111,2143,46
111,2144,46
111,2145,46
111,2146,46
111,2147,46
111,2148,46
111,2149,46
1001,215,23
111,2150,46
111,2151,46
111,2152,46
111,2153,23
111,2154,23
111,2155,23
111,2156,23
111,2157,23
111,2158,23
111,2159,23
1001,216,23
111,2160,23
111,2161,23
111,2162,23
111,2163,23
111,2164,23
111,2165,23
111,2166,23
111,2167,23
111,2168,23
111,2169,23
1001,217,24
111,2170,23
111,2171,23
111,2172,23
111,2173,23
111,2174,23
111,2175,23
111,2176,23
111,2177,23
111,2178,23
111,2179,23
1001,218,24
111,2180,23
111,2181,23
111,2182,23
111,2183,23
111,2184,23
111,2185,23
111,2186,23
111,2187,23
111,2188,23
111,2189,23
1001,219,24
111,2190,23
111,2191,23
111,2192,46
111,2193,46
111,2194,46
111,2195,46
111,2196,46
111,2197,46
111,2198,46
111,2199,46
1001,22,23
1001,220,24
111,2200,46
111,2201,46
111,2202,46
111,2203,46
111,2204,46
111,2205,46
111,2206,46
111,2207,46
111,2208,46
111,2209,46
1001,221,24
111,2210,46
111,2211,46
111,2212,46
111,2213,46
111,2214,46
111,2215,46
111,2216,46
111,2217,46
111,2218,46
111,2219,46
1001,222,24
111,2220,46
111,2221,46
111,2222,46
111,2223,46
111,2224,46
111,2225,46
111,2226,46
111,2227,46
111,2228,46
111,2229,46
1001,223,24
111,2230,46
111,2231,23
111,2232,46
111,2233,23
111,2234,23
111,2235,46
111,2236,46
1005,2237,23
1005,2238,23
1005,2239,23
1001,224,24
1005,2240,23
1005,2241,23
1005,2242,23
1005,2243,23
1005,2244,23
1005,2245,23
1005,2246,23
1005,2247,23
1005,2248,23
1005,2249,23
1001,225,24
1005,2250,23
1005,2251,23
1005,2252,23
1005,2253,23
1005,2254,23
1005,2255,23
1005,2256,23
1005,2257,23
1005,2258,23
1005,2259,23
1001,226,24
1005,2260,23
1005,2261,23
1005,2262,23
1005,2263,23
1005,2264,23
1005,2265,23
1005,2266,23
1005,2267,23
1005,2268,23
1005,2269,23
1001,227,24
1005,2270,23
1005,2271,23
1005,2272,23
1005,2273,23
1005,2274,23
1005,2275,23
1005,2276,23
1005,2277,23
1005,2278,23
1005,2279,23
1001,228,24
1005,2280,23
1005,2281,23
1005,2282,23
1005,2283,23
1005,2284,23
1005,2285,23
1005,2286,23
1005,2287,23
1005,2288,23
1005,2289,23
1001,229,24
1005,2290,23
1005,2291,23
1005,2292,23
1005,2293,23
1005,2294,23
1005,2295,23
1005,2296,23
1005,2297,23
1005,2298,23
1005,2299,23
1001,23,23
1001,230,24
1005,2300,23
1005,2301,23
1005,2302,23
1005,2303,23
1005,2304,24
1005,2305,24
1005,2306,24
1005,2307,24
1005,2308,24
1005,2309,24
1001,231,24
1005,2310,24
1005,2311,24
1005,2312,24
1005,2313,24
1005,2314,24
1005,2315,24
1005,2316,24
1005,2317,24
1005,2318,24
1005,2319,24
1001,232,24
1005,2320,24
1005,2321,24
1005,2322,24
1005,2323,24
1005,2324,24
1005,2325,24
1005,2326,24
1005,2327,24
1005,2328,24
1005,2329,24
1001,233,24
1005,2330,24
1005,2331,24
1005,2332,24
1005,2333,24
1005,2334,24
1005,2335,24
1005,2336,24
1005,2337,24
1005,2338,24
1005,2339,24
1001,234,24
1005,2340,24
1005,2341,24
1005,2342,24
1005,2343,24
1005,2344,24
1005,2345,24
1005,2346,24
1005,2347,24
1005,2348,24
1005,2349,24
1001,235,24
1005,2350,24
1005,2351,24
1005,2352,24
1005,2353,24
1005,2354,24
1005,2355,24
1005,2356,24
1005,2357,24
1005,2358,24
1005,2359,21
1001,236,24
1005,2360,21
1005,2361,21
1005,2362,21
1005,2363,21
1005,2364,21
1005,2365,21
1005,2366,21
1005,2367,21
1005,2368,21
1005,2369,21
1001,237,24
1005,2370,21
1005,2371,21
1005,2372,21
1005,2373,21
1005,2374,21
1005,2375,21
1005,2376,21
1005,2377,21
1005,2378,21
1005,2379,21
1001,238,24
1005,2380,21
1005,2381,21
1005,2382,21
1005,2383,21
1005,2384,21
1005,2385,21
1005,2386,46
1005,2387,46
1005,2388,46
1005,2389,46
1001,239,24
1005,2390,46
1005,2391,46
1005,2392,46
1005,2393,46
1005,2394,46
1005,2395,46
1005,2396,46
1005,2397,46
1005,2398,46
1005,2399,46
1001,24,23
1001,240,24
1005,2400,46
1005,2401,46
1005,2402,46
1005,2403,46
1005,2404,46
1005,2405,46
1005,2406,46
1005,2407,46
1005,2408,46
1005,2409,46
1001,241,24
1005,2410,46
1005,2411,46
1005,2412,46
1005,2413,46
1005,2414,46
1005,2415,46
1005,2416,46
1005,2417,46
1005,2418,46
1005,2419,46
1001,242,24
1005,2420,46
1005,2421,46
1005,2422,46
1005,2423,46
1005,2424,46
1005,2425,46
1005,2426,46
1005,2427,46
1005,2428,46
1005,2429,46
1001,243,24
1005,2430,46
1005,2431,46
1005,2432,46
1005,2433,46
1005,2434,46
1005,2435,46
1005,2436,46
1005,2437,46
1005,2438,46
1005,2439,46
1001,244,24
1005,2440,46
1005,2441,46
1005,2442,46
1005,2443,46
1005,2444,46
1005,2445,46
1005,2446,46
1005,2447,46
1005,2448,46
1005,2449,46
1001,245,24
1005,2450,46
1005,2451,46
1005,2452,46
1005,2453,23
1005,2454,23
1005,2455,23
1005,2456,23
1005,2457,23
1005,2458,23
1005,2459,23
1001,246,24
1005,2460,23
1005,2461,23
1005,2462,23
1005,2463,23
1005,2464,23
1005,2465,23
1005,2466,23
1005,2467,23
1005,2468,23
1005,2469,23
1001,247,24
1005,2470,23
1005,2471,23
1005,2472,23
1005,2473,23
1005,2474,23
1005,2475,23
1005,2476,23
1005,2477,23
1005,2478,23
1005,2479,23
1001,248,24
1005,2480,23
1005,2481,23
1005,2482,23
1005,2483,23
1005,2484,23
1005,2485,23
1005,2486,23
1005,2487,23
1005,2488,23
1005,2489,23
1001,249,24
1005,2490,23
1005,2491,23
1005,2492,23
1005,2493,23
1005,2494,23
1005,2495,23
1005,2496,23
1005,2497,23
1005,2498,23
1005,2499,23
1001,25,23
1001,250,24
1005,2500,23
1005,2501,23
1005,2502,23
1005,2503,23
1005,2504,23
1005,2505,23
1005,2506,23
1005,2507,23
1005,2508,23
1005,2509,23
1001,251,24
1005,2510,23
1005,2511,23
1005,2512,23
1005,2513,23
1005,2514,23
1005,2515,23
1005,2516,23
1005,2517,23
1005,2518,23
1005,2519,23
1001,252,24
1005,2520,23
1005,2521,24
1005,2522,24
1005,2523,24
1005,2524,24
1005,2525,24
1005,2526,24
1005,2527,24
1005,2528,24
1005,2529,24
1001,253,24
1005,2530,24
1005,2531,24
1005,2532,24
1005,2533,24
1005,2534,24
1005,2535,24
1005,2536,24
1005,2537,24
1005,2538,24
1005,2539,24
1001,254,24
1005,2540,24
1005,2541,24
1005,2542,24
1005,2543,24
1005,2544,24
1005,2545,24
1005,2546,24
1005,2547,24
1005,2548,24
1005,2549,24
1001,255,24
1005,2550,24
1005,2551,24
1005,2552,24
1005,2553,24
1005,2554,24
1005,2555,24
1005,2556,24
1005,2557,24
1005,2558,24
1005,2559,24
1001,256,24
1005,2560,24
1005,2561,24
1005,2562,24
1005,2563,24
1005,2564,24
1005,2565,24
1005,2566,24
1005,2567,24
1005,2568,24
1005,2569,24
1001,257,24
1005,2570,24
1005,2571,24
1005,2572,24
1005,2573,24
1005,2574,24
1005,2575,24
1005,2576,24
1005,2577,24
1005,2578,21
1005,2579,21
1001,258,24
1005,2580,21
1005,2581,21
1005,2582,21
1005,2583,21
1005,2584,21
1005,2585,21
1005,2586,21
1005,2587,21
1005,2588,21
1005,2589,21
1001,259,24
1005,2590,21
1005,2591,21
1005,2592,21
1005,2593,21
1005,2594,21
1005,2595,21
1005,2596,21
1005,2597,21
1005,2598,21
1005,2599,21
1001,26,23
1001,260,24
1005,2600,21
1005,2601,21
1005,2602,21
1005,2603,21
1005,2604,21
1005,2605,21
1005,2606,46
1005,2607,46
1005,2608,46
1005,2609,46
1001,261,24
1005,2610,46
1005,2611,46
1005,2612,46
1005,2613,46
1005,2614,46
1005,2615,46
1005,2616,46
1005,2617,46
1005,2618,46
1005,2619,46
1001,262,24
1005,2620,46
1005,2621,46
1005,2622,46
1005,2623,46
1005,2624,46
1005,2625,46
1005,2626,46
1005,2627,46
1005,2628,46
1005,2629,46
1001,263,24
1005,2630,46
1005,2631,46
1005,2632,46
1005,2633,46
1005,2634,46
1005,2635,46
1005,2636,46
1005,2637,46
1005,2638,46
1005,2639,46
1001,264,24
1005,2640,46
1005,2641,46
1005,2642,46
1005,2643,46
1005,2644,46
1005,2645,46
1005,2646,46
1005,2647,46
1005,2648,46
1005,2649,46
1001,265,24
1005,2650,46
1005,2651,46
1005,2652,46
1005,2653,46
1005,2654,46
1005,2655,46
1005,2656,46
1005,2657,46
1005,2658,46
1005,2659,46
1001,266,24
1005,2660,46
1005,2661,46
1005,2662,46
1005,2663,46
1005,2664,46
1005,2665,46
1005,2666,46
1005,2667,46
1005,2668,46
1005,2669,46
1001,267,24
1005,2670,46
1005,2671,46
1005,2672,46
1005,2673,46
1006,2674,23
1006,2675,23
1006,2676,23
1006,2677,23
1006,2678,23
1006,2679,23
1001,268,24
1006,2680,23
1006,2681,23
1006,2682,23
1006,2683,23
1006,2684,23
1006,2685,23
1006,2686,23
1006,2687,23
1006,2688,23
1006,2689,23
1001,269,24
1006,2690,23
1006,2691,23
1006,2692,23
1006,2693,23
1006,2694,23
1006,2695,23
1006,2696,23
1006,2697,23
1006,2698,23
1006,2699,23
1001,27,23
1001,270,24
1006,2700,23
1006,2701,46
1006,2702,46
1006,2703,46
1006,2704,46
1006,2705,46
1006,2706,46
1006,2707,46
1006,2708,46
1006,2709,46
1001,271,46
1006,2710,46
1006,2711,46
1006,2712,46
1006,2713,46
1006,2714,46
1006,2715,46
1006,2716,46
1006,2717,46
1006,2718,46
1006,2719,46
1001,272,46
1006,2720,46
1006,2721,46
1006,2722,46
1006,2723,46
1006,2724,46
1006,2725,46
1006,2726,46
1006,2727,46
1006,2728,23
1006,2729,23
1001,273,46
1006,2730,23
1006,2731,23
1006,2732,23
1006,2733,23
1006,2734,23
1006,2735,23
1006,2736,23
1006,2737,23
1006,2738,23
1006,2739,23
1001,274,46
1006,2740,23
1006,2741,23
1006,2742,23
1006,2743,23
1006,2744,23
1006,2745,23
1006,2746,23
1006,2747,23
1006,2748,23
1006,2749,23
1001,275,46
1006,2750,23
1006,2751,23
1006,2752,23
1006,2753,23
1006,2754,23
1006,2755,23
1006,2756,23
1006,2757,46
1006,2758,46
1006,2759,46
1001,276,46
1006,2760,46
1006,2761,46
1006,2762,46
1006,2763,46
1006,2764,46
1006,2765,46
1006,2766,46
1006,2767,46
1006,2768,46
1006,2769,46
1001,277,46
1006,2770,46
1006,2771,46
1006,2772,46
1006,2773,46
1006,2774,46
1006,2775,46
1006,2776,46
1006,2777,46
1006,2778,46
1006,2779,46
1001,278,46
1006,2780,46
1006,2781,46
1006,2782,46
1006,2783,46
1006,2784,46
1006,2785,46
1006,2786,23
1006,2787,23
1006,2788,23
1006,2789,23
1001,279,46
1006,2790,23
1006,2791,23
1006,2792,46
1006,2793,46
1006,2794,46
1006,2795,46
1006,2796,46
1006,2797,46
1072,2798,23
1072,2799,23
1001,28,23
1001,280,46
1072,2800,23
1072,2801,23
1072,2802,23
1072,2803,23
1072,2804,23
1072,2805,23
1072,2806,23
1072,2807,23
1072,2808,23
1072,2809,23
1001,281,46
1072,2810,23
1072,2811,23
1072,2812,23
1072,2813,23
1072,2814,23
1072,2815,23
1072,2816,23
1072,2817,46
1072,2818,46
1072,2819,46
1001,282,46
1072,2820,46
1072,2821,46
1072,2822,46
1072,2823,46
1072,2824,46
1072,2825,46
1072,2826,46
1072,2827,46
1072,2828,46
1072,2829,46
1001,283,46
1072,2830,46
1072,2831,46
1072,2832,46
1072,2833,46
1072,2834,46
1072,2835,46
1072,2836,24
1072,2837,24
1072,2838,24
1072,2839,24
1001,284,46
1072,2840,24
1072,2841,24
1072,2842,24
1072,2843,24
1072,2844,24
1072,2845,24
1072,2846,24
1072,2847,24
1072,2848,24
1072,2849,24
1001,285,46
1072,2850,24
1072,2851,24
1072,2852,24
1072,2853,24
1072,2854,24
1072,2855,23
1072,2856,24
1072,2857,46
1071,2858,24
1071,2859,24
1001,286,46
1071,2860,24
1071,2861,24
1071,2862,24
1071,2863,24
1071,2864,24
1071,2865,24
1071,2866,24
1071,2867,24
1071,2868,24
1071,2869,24
1001,287,46
1071,2870,24
1071,2871,24
1071,2872,24
1071,2873,24
1071,2874,24
1071,2875,24
1071,2876,24
1071,2877,24
1071,2878,24
1071,2879,24
1001,288,46
1071,2880,23
1071,2881,24
1071,2882,46
1071,2883,23
1071,2884,23
1071,2885,23
1071,2886,23
1071,2887,23
1071,2888,23
1071,2889,23
1001,289,46
1071,2890,23
1071,2891,23
1071,2892,23
1071,2893,23
1071,2894,23
1071,2895,23
1071,2896,23
1071,2897,23
1071,2898,23
1071,2899,23
1001,29,23
1001,290,46
1071,2900,23
1071,2901,23
1071,2902,23
1071,2903,23
1071,2904,23
1071,2905,46
1071,2906,46
1071,2907,46
1071,2908,46
1071,2909,46
1001,291,46
1071,2910,46
1071,2911,46
1071,2912,46
1071,2913,46
1071,2914,46
1071,2915,46
1071,2916,46
1071,2917,46
1071,2918,46
1071,2919,46
1001,292,46
1071,2920,46
1071,2921,46
1071,2922,46
1071,2923,46
1071,2924,46
1071,2925,46
1071,2926,46
1008,2927,23
1008,2928,23
1008,2929,23
1001,293,46
1008,2930,23
1008,2931,24
1008,2932,24
1008,2933,24
1008,2934,24
1008,2935,21
1008,2936,46
1008,2937,46
1008,2938,46
1008,2939,46
1001,294,46
1008,2940,23
1008,2941,23
1008,2942,23
1008,2943,23
1008,2944,23
1008,2945,23
1008,2946,23
1008,2947,23
1008,2948,23
1008,2949,23
1001,295,46
1008,2950,23
1008,2951,23
1008,2952,23
1008,2953,23
1008,2954,23
1008,2955,23
1008,2956,23
1008,2957,23
1008,2958,23
1008,2959,23
1001,296,46
1008,2960,23
1008,2961,23
1008,2962,23
1008,2963,23
1008,2964,23
1008,2965,23
1008,2966,23
1008,2967,23
1008,2968,23
1008,2969,23
1001,297,46
1008,2970,23
1008,2971,23
1008,2972,23
1008,2973,23
1008,2974,23
1008,2975,23
1008,2976,23
1008,2977,23
1008,2978,23
1008,2979,23
1001,298,46
1008,2980,23
1008,2981,23
1008,2982,23
1008,2983,23
1008,2984,23
1008,2985,23
1008,2986,21
1008,2987,21
1008,2988,21
1008,2989,21
1001,299,46
1008,2990,21
1008,2991,21
1008,2992,21
1008,2993,21
1008,2994,21
1008,2995,21
1008,2996,21
1008,2997,21
1008,2998,21
1008,2999,21
1001,3,23
1001,30,23
1001,300,46
1008,3000,21
1008,3001,21
1008,3002,21
1008,3003,21
1008,3004,21
1008,3005,21
1008,3006,21
1008,3007,21
1008,3008,21
1008,3009,21
1001,301,46
1008,3010,21
1008,3011,21
1008,3012,21
1008,3013,46
1008,3014,46
1008,3015,46
1008,3016,46
1008,3017,46
1008,3018,46
1008,3019,46
1001,302,46
1008,3020,46
1008,3021,46
1008,3022,46
1008,3023,46
1008,3024,46
1008,3025,46
1008,3026,46
1008,3027,46
1008,3028,46
1008,3029,46
1001,303,46
1008,3030,46
1008,3031,46
1008,3032,46
1008,3033,46
1008,3034,46
1008,3035,46
1008,3036,46
1008,3037,46
1008,3038,46
1008,3039,46
1001,304,46
1008,3040,46
1008,3041,46
1008,3042,46
1008,3043,46
1008,3044,46
1008,3045,46
1008,3046,46
1008,3047,46
1008,3048,46
1008,3049,46
1001,305,46
1008,3050,46
1008,3051,46
1008,3052,46
1008,3053,46
1008,3054,46
1008,3055,46
1008,3056,46
1008,3057,46
1008,3058,46
1008,3059,24
1001,306,46
1008,3060,24
1008,3061,24
1008,3062,24
1008,3063,24
1008,3064,24
1008,3065,24
1008,3066,24
1008,3067,24
1008,3068,24
1008,3069,24
1001,307,46
1008,3070,24
1008,3071,24
1008,3072,24
1008,3073,24
1008,3074,24
1008,3075,24
1008,3076,24
1008,3077,24
1008,3078,24
1008,3079,24
1001,308,46
1008,3080,24
1008,3081,24
1008,3082,24
1008,3083,24
1008,3084,24
1008,3085,24
1008,3086,24
1008,3087,24
1008,3088,24
1008,3089,24
1001,309,46
1008,3090,24
1008,3091,24
1008,3092,24
1008,3093,24
1008,3094,24
1008,3095,24
1008,3096,24
1008,3097,24
1008,3098,24
1008,3099,24
1001,31,23
1001,310,46
1008,3100,24
1008,3101,23
1008,3102,23
1008,3103,23
1008,3104,23
1008,3105,23
1008,3106,23
1008,3107,23
1008,3108,23
1008,3109,23
1001,311,46
1008,3110,23
1008,3111,23
1008,3112,23
1008,3113,23
1008,3114,23
1008,3115,23
1008,3116,23
1008,3117,23
1008,3118,23
1008,3119,23
1001,312,46
1008,3120,23
1008,3121,23
1008,3122,23
1008,3123,23
1008,3124,23
1008,3125,23
1008,3126,23
1008,3127,23
1008,3128,23
1008,3129,23
1001,313,46
1008,3130,23
1008,3131,23
1008,3132,23
1008,3133,23
1008,3134,23
1008,3135,23
1008,3136,23
1008,3137,23
1008,3138,23
1008,3139,23
1001,314,46
1008,3140,23
1008,3141,23
1008,3142,23
1008,3143,23
1008,3144,23
1008,3145,23
1008,3146,23
1008,3147,23
1008,3148,23
1008,3149,23
1001,315,46
1008,3150,21
1008,3151,21
1008,3152,21
1008,3153,21
1008,3154,21
1008,3155,21
1008,3156,21
1008,3157,21
1008,3158,21
1008,3159,21
1001,316,46
1008,3160,21
1008,3161,21
1008,3162,21
1008,3163,21
1008,3164,21
1008,3165,21
1008,3166,21
1008,3167,21
1008,3168,21
1008,3169,21
1001,317,46
1008,3170,21
1008,3171,21
1008,3172,21
1008,3173,21
1008,3174,21
1008,3175,21
1008,3176,46
1008,3177,46
1008,3178,46
1008,3179,46
1001,318,46
1008,3180,46
1008,3181,46
1008,3182,46
1008,3183,46
1008,3184,46
1008,3185,46
1008,3186,46
1008,3187,46
1008,3188,46
1008,3189,46
1001,319,46
1008,3190,46
1008,3191,46
1008,3192,46
1008,3193,46
1008,3194,46
1008,3195,46
1008,3196,46
1008,3197,46
1008,3198,46
1008,3199,46
1001,32,23
1001,320,46
1008,3200,46
1008,3201,46
1008,3202,46
1008,3203,46
1008,3204,46
1008,3205,46
1008,3206,46
1008,3207,46
1008,3208,46
1008,3209,46
1001,321,46
1008,3210,46
1008,3211,46
1008,3212,46
1008,3213,46
1008,3214,46
1008,3215,46
1008,3216,46
1008,3217,46
1008,3218,46
1008,3219,46
1001,322,46
1008,3220,46
1008,3221,46
1008,3222,46
1008,3223,46
1008,3224,46
1008,3225,24
1008,3226,24
1008,3227,24
1008,3228,24
1008,3229,24
1001,323,46
1008,3230,24
1008,3231,24
1008,3232,24
1008,3233,24
1008,3234,24
1008,3235,24
1008,3236,24
1008,3237,24
1008,3238,24
1008,3239,24
1001,324,46
1008,3240,24
1008,3241,24
1008,3242,24
1008,3243,24
1008,3244,24
1008,3245,24
1008,3246,24
1008,3247,24
1008,3248,24
1008,3249,24
1101,325,23
1008,3250,24
1008,3251,24
1008,3252,24
1008,3253,24
1008,3254,24
1008,3255,24
1008,3256,24
1008,3257,24
1008,3258,24
1008,3259,24
1101,326,23
1008,3260,24
1008,3261,24
1008,3262,24
1008,3263,24
1008,3264,24
1008,3265,24
1008,3266,24
1008,3267,24
1008,3268,24
1008,3269,24
1101,327,23
1009,3270,23
1009,3271,23
1009,3272,23
1009,3273,23
1009,3274,23
1009,3275,23
1009,3276,23
1009,3277,23
1009,3278,23
1009,3279,23
1101,328,23
1009,3280,23
1009,3281,23
1009,3282,23
1009,3283,23
1009,3284,23
1009,3285,23
1009,3286,23
1009,3287,23
1009,3288,23
1009,3289,23
1101,329,23
1009,3290,23
1009,3291,23
1009,3292,23
1009,3293,23
1009,3294,23
1009,3295,23
1009,3296,23
1009,3297,24
1009,3298,24
1009,3299,24
1001,33,23
1101,330,23
1009,3300,24
1009,3301,24
1009,3302,24
1009,3303,24
1009,3304,24
1009,3305,24
1009,3306,24
1009,3307,24
1009,3308,24
1009,3309,24
1101,331,23
1009,3310,24
1009,3311,24
1009,3312,24
1009,3313,24
1009,3314,24
1009,3315,24
1009,3316,24
1009,3317,24
1009,3318,24
1009,3319,24
1101,332,23
1009,3320,24
1009,3321,24
1009,3322,24
1009,3323,24
1009,3324,46
1009,3325,46
1009,3326,46
1009,3327,46
1009,3328,46
1009,3329,46
1101,333,23
1009,3330,46
1009,3331,46
1009,3332,46
1009,3333,46
1009,3334,46
1009,3335,46
1009,3336,46
1009,3337,46
1009,3338,46
1009,3339,46
1101,334,23
1009,3340,46
1009,3341,46
1009,3342,46
1009,3343,46
1009,3344,46
1009,3345,46
1009,3346,46
1009,3347,46
1009,3348,46
1009,3349,46
1101,335,23
1009,3350,46
1009,3351,21
1009,3352,21
1009,3353,23
1009,3354,23
1009,3355,23
1009,3356,23
1009,3357,23
1009,3358,23
1009,3359,23
1101,336,23
1009,3360,23
1009,3361,23
1009,3362,23
1009,3363,23
1009,3364,23
1009,3365,23
1009,3366,23
1009,3367,23
1009,3368,23
1009,3369,23
1101,337,23
1009,3370,23
1009,3371,23
1009,3372,23
1009,3373,23
1009,3374,23
1009,3375,23
1009,3376,23
1009,3377,23
1009,3378,23
1009,3379,23
1101,338,23
1009,3380,23
1009,3381,24
1009,3382,24
1009,3383,24
1009,3384,24
1009,3385,24
1009,3386,24
1009,3387,24
1009,3388,24
1009,3389,24
1101,339,23
1009,3390,24
1009,3391,24
1009,3392,24
1009,3393,24
1009,3394,24
1009,3395,24
1009,3396,24
1009,3397,24
1009,3398,24
1009,3399,24
1001,34,23
1101,340,23
1009,3400,24
1009,3401,24
1009,3402,24
1009,3403,24
1009,3404,24
1009,3405,24
1009,3406,24
1009,3407,24
1009,3408,24
1009,3409,21
1101,341,23
1009,3410,21
1009,3411,46
1009,3412,46
1009,3413,46
1009,3414,46
1009,3415,46
1009,3416,46
1009,3417,46
1009,3418,46
1009,3419,46
1101,342,23
1009,3420,46
1009,3421,46
1009,3422,46
1009,3423,46
1009,3424,46
1009,3425,46
1009,3426,46
1009,3427,46
1009,3428,46
1009,3429,46
1101,343,23
1009,3430,46
1009,3431,46
1009,3432,46
1009,3433,46
1009,3434,46
1009,3435,46
1009,3436,46
1009,3437,46
1009,3438,46
1,3439,21
1101,344,23
1,3440,21
1,3441,23
1,3442,23
1,3443,23
1,3444,23
1,3445,23
1,3446,23
1,3447,23
1,3448,23
1,3449,23
1101,345,23
1,3450,23
1,3451,23
1,3452,23
1,3453,23
1,3454,23
1,3455,23
1,3456,23
1,3457,23
1,3458,23
1,3459,23
1101,346,23
1,3460,23
1,3461,23
1,3462,23
1,3463,23
1,3464,23
1,3465,23
1,3466,23
1,3467,23
1,3468,23
1,3469,23
1101,347,23
1,3470,23
1,3471,23
1,3472,23
1,3473,23
1,3474,23
1,3475,23
1,3476,23
1,3477,23
1,3478,23
1,3479,23
1101,348,23
1,3480,24
1,3481,24
1,3482,24
1,3483,24
1,3484,24
1,3485,24
1,3486,24
1,3487,24
1,3488,24
1,3489,24
1101,349,23
1,3490,24
1,3491,24
1,3492,24
1,3493,24
1,3494,24
1,3495,24
1,3496,24
1,3497,24
1,3498,24
1,3499,24
1001,35,23
1101,350,23
1,3500,24
1,3501,24
1,3502,24
1,3503,24
1,3504,24
1,3505,24
1,3506,24
1,3507,24
1,3508,24
1,3509,24
1101,351,23
1,3510,24
1,3511,24
1,3512,24
1,3513,24
1,3514,24
1,3515,24
1,3516,24
1,3517,24
1,3518,24
1,3519,21
1101,352,23
1,3520,21
1,3521,21
1,3522,21
1,3523,21
1,3524,21
1,3525,21
1,3526,21
1,3527,21
1,3528,21
1,3529,21
1101,353,23
1,3530,21
1,3531,21
1,3532,21
1,3533,21
1,3534,21
1,3535,21
1,3536,21
1,3537,21
1,3538,21
1,3539,21
1101,354,23
1,3540,21
1,3541,21
1,3542,21
1,3543,21
1,3544,21
1,3545,21
1,3546,21
1,3547,21
1,3548,21
1,3549,21
1101,355,23
1,3550,21
1,3551,21
1,3552,21
1,3553,46
1,3554,46
1,3555,46
1,3556,46
1,3557,46
1,3558,46
1,3559,46
1101,356,23
1,3560,46
1,3561,46
1,3562,46
1,3563,46
1,3564,46
1,3565,46
1,3566,46
1,3567,46
1,3568,46
1,3569,46
1101,357,23
1,3570,46
1,3571,46
1,3572,46
1,3573,46
1,3574,46
1,3575,46
1,3576,46
1,3577,46
1,3578,46
1,3579,46
1101,358,23
1,3580,46
1,3581,46
1,3582,46
1,3583,46
1,3584,46
1,3585,46
1,3586,46
1,3587,46
1,3588,46
1,3589,46
1101,359,23
1,3590,46
1,3591,46
1,3592,23
1,3593,23
1,3594,23
1,3595,23
1,3596,23
1,3597,23
1,3598,23
1,3599,23
1001,36,23
1101,360,23
1,3600,23
1,3601,23
1,3602,23
1,3603,23
1,3604,23
1,3605,23
1,3606,23
1,3607,23
1,3608,23
1,3609,23
1101,361,23
1,3610,23
1,3611,23
1,3612,23
1,3613,23
1,3614,23
1,3615,23
1,3616,23
1,3617,23
1,3618,23
1,3619,23
1101,362,23
1,3620,23
1,3621,23
1,3622,23
1,3623,23
1,3624,23
1,3625,23
1,3626,23
1,3627,23
1,3628,23
1,3629,23
1101,363,23
1,3630,23
1,3631,24
1,3632,24
1,3633,24
1,3634,24
1,3635,24
1,3636,24
1,3637,24
1,3638,24
1,3639,24
1101,364,23
1,3640,24
1,3641,24
1,3642,24
1,3643,24
1,3644,24
1,3645,24
1,3646,24
1,3647,24
1,3648,24
1,3649,24
1101,365,23
1,3650,24
1,3651,24
1,3652,24
1,3653,24
1,3654,24
1,3655,24
1,3656,24
1,3657,24
1,3658,24
1,3659,24
1101,366,23
1,3660,24
1,3661,24
1,3662,24
1,3663,24
1,3664,24
1,3665,24
1,3666,24
1,3667,24
1,3668,24
1,3669,24
1101,367,23
1,3670,21
1,3671,21
1,3672,21
1,3673,21
1,3674,21
1,3675,21
1,3676,21
1,3677,21
1,3678,21
1,3679,21
1101,368,23
1,3680,21
1,3681,21
1,3682,21
1,3683,21
1,3684,21
1,3685,21
1,3686,21
1,3687,21
1,3688,21
1,3689,21
1101,369,23
1,3690,21
1,3691,21
1,3692,21
1,3693,21
1,3694,21
1,3695,21
1,3696,21
1,3697,21
1,3698,21
1,3699,21
1001,37,23
1101,370,23
1,3700,21
1,3701,21
1,3702,21
1,3703,21
1,3704,46
1,3705,46
1,3706,46
1,3707,46
1,3708,46
1,3709,46
1101,371,23
1,3710,46
1,3711,46
1,3712,46
1,3713,46
1,3714,46
1,3715,46
1,3716,46
1,3717,46
1,3718,46
1,3719,46
1101,372,23
1,3720,46
1,3721,46
1,3722,46
1,3723,46
1,3724,46
1,3725,46
1,3726,46
1,3727,46
1,3728,46
1,3729,46
1101,373,23
1,3730,46
1,3731,46
1,3732,46
1,3733,46
1,3734,46
1,3735,46
1,3736,46
1,3737,46
1,3738,46
1,3739,46
1101,374,23
1,3740,46
1,3741,46
1,3742,46
1,3743,21
1,3744,21
211,3745,23
211,3746,23
211,3747,23
211,3748,23
211,3749,23
1101,375,23
211,3750,23
211,3751,23
211,3752,23
211,3753,23
211,3754,23
211,3755,23
211,3756,23
211,3757,23
211,3758,23
211,3759,23
1101,376,23
211,3760,23
211,3761,23
211,3762,23
211,3763,23
211,3764,23
211,3765,23
211,3766,23
211,3767,23
211,3768,23
211,3769,23
1101,377,23
211,3770,24
211,3771,24
211,3772,24
211,3773,24
211,3774,24
211,3775,24
211,3776,24
211,3777,24
211,3778,24
211,3779,24
1101,378,23
211,3780,24
211,3781,24
211,3782,24
211,3783,24
211,3784,46
211,3785,46
211,3786,46
211,3787,46
211,3788,46
211,3789,46
1101,379,23
211,3790,46
211,3791,46
211,3792,46
211,3793,46
211,3794,46
211,3795,46
211,3796,46
211,3797,46
211,3798,46
211,3799,46
1001,38,23
1101,380,23
211,3800,46
211,3801,46
211,3802,46
211,3803,46
211,3804,46
211,3805,46
211,3806,46
211,3807,46
211,3808,46
211,3809,23
1101,381,23
211,3810,23
211,3811,23
211,3812,23
211,3813,23
211,3814,23
211,3815,23
211,3816,23
211,3817,23
211,3818,23
211,3819,23
1101,382,23
211,3820,23
211,3821,23
211,3822,24
211,3823,24
211,3824,24
211,3825,24
211,3826,24
211,3827,46
211,3828,46
211,3829,46
1101,383,23
211,3830,46
211,3831,46
211,3832,46
211,3833,46
211,3834,46
211,3835,46
211,3836,46
211,3837,46
211,3838,46
211,3839,46
1101,384,23
211,3840,23
211,3841,23
211,3842,23
211,3843,23
211,3844,23
211,3845,23
211,3846,23
211,3847,23
211,3848,23
211,3849,23
1101,385,23
211,3850,23
211,3851,23
211,3852,23
211,3853,23
211,3854,23
211,3855,23
211,3856,23
211,3857,23
211,3858,23
211,3859,23
1101,386,23
211,3860,23
211,3861,23
211,3862,23
211,3863,23
211,3864,23
211,3865,24
211,3866,24
211,3867,24
211,3868,24
211,3869,24
1101,387,23
211,3870,24
211,3871,24
211,3872,24
211,3873,24
211,3874,24
211,3875,24
211,3876,24
211,3877,24
211,3878,46
211,3879,46
1101,388,23
211,3880,46
211,3881,46
211,3882,46
211,3883,46
211,3884,46
211,3885,46
211,3886,46
211,3887,46
211,3888,46
211,3889,46
1101,389,23
211,3890,46
211,3891,46
211,3892,46
211,3893,46
211,3894,46
211,3895,46
211,3896,46
211,3897,46
211,3898,46
211,3899,46
1001,39,23
1101,390,23
211,3900,46
211,3901,46
211,3902,46
211,3903,23
211,3904,23
211,3905,23
211,3906,23
211,3907,23
211,3908,23
211,3909,23
1101,391,23
211,3910,23
211,3911,23
211,3912,23
211,3913,23
211,3914,23
211,3915,23
211,3916,23
211,3917,23
211,3918,23
211,3919,23
1101,392,24
211,3920,23
211,3921,23
211,3922,23
211,3923,23
211,3924,23
211,3925,23
211,3926,23
211,3927,24
211,3928,24
211,3929,24
1101,393,24
211,3930,24
211,3931,24
211,3932,24
211,3933,24
211,3934,24
211,3935,24
211,3936,24
211,3937,24
211,3938,24
211,3939,24
1101,394,24
211,3940,46
211,3941,46
211,3942,46
211,3943,46
211,3944,46
211,3945,46
211,3946,46
211,3947,46
211,3948,46
211,3949,46
1101,395,24
211,3950,46
211,3951,46
211,3952,46
211,3953,46
211,3954,46
211,3955,46
211,3956,46
211,3957,46
211,3958,46
211,3959,46
1101,396,24
211,3960,46
211,3961,46
211,3962,46
211,3963,46
211,3964,23
211,3965,23
211,3966,23
211,3967,23
211,3968,23
211,3969,23
1101,397,24
211,3970,23
211,3971,23
211,3972,23
211,3973,23
211,3974,23
211,3975,23
211,3976,23
211,3977,23
211,3978,23
211,3979,24
1101,398,24
211,3980,24
211,3981,24
211,3982,24
211,3983,24
211,3984,24
211,3985,24
211,3986,46
211,3987,46
211,3988,46
211,3989,46
1101,399,24
211,3990,46
211,3991,46
211,3992,46
211,3993,46
211,3994,46
211,3995,46
211,3996,46
211,3997,46
211,3998,46
211,3999,46
1001,4,23
1001,40,23
1101,400,24
211,4000,46
211,4001,23
211,4002,23
211,4003,23
211,4004,23
211,4005,23
211,4006,23
211,4007,23
211,4008,23
211,4009,23
1101,401,24
211,4010,23
211,4011,23
211,4012,23
211,4013,23
211,4014,23
211,4015,23
211,4016,23
211,4017,23
211,4018,23
211,4019,23
1101,402,24
211,4020,23
211,4021,23
211,4022,23
211,4023,23
211,4024,24
211,4025,24
211,4026,24
211,4027,24
211,4028,24
211,4029,24
1101,403,24
211,4030,24
211,4031,24
211,4032,24
211,4033,24
211,4034,24
211,4035,24
211,4036,24
211,4037,46
211,4038,46
211,4039,46
1101,404,24
211,4040,46
211,4041,46
211,4042,46
211,4043,46
211,4044,46
211,4045,46
211,4046,46
211,4047,46
211,4048,46
211,4049,46
1101,405,24
211,4050,46
211,4051,46
211,4052,46
211,4053,46
211,4054,46
211,4055,46
211,4056,46
211,4057,46
211,4058,46
211,4059,46
1101,406,24
211,4060,24
211,4061,24
211,4062,24
211,4063,24
211,4064,24
211,4065,24
211,4066,24
211,4067,24
211,4068,24
211,4069,24
1101,407,24
211,4070,24
211,4071,24
211,4072,24
211,4073,24
211,4074,24
211,4075,24
211,4076,21
211,4077,21
211,4078,21
211,4079,21
1101,408,24
211,4080,21
211,4081,21
211,4082,21
211,4083,21
211,4084,21
211,4085,21
211,4086,21
211,4087,21
211,4088,21
211,4089,21
1101,409,24
211,4090,21
211,4091,21
211,4092,21
211,4093,21
211,4094,21
211,4095,21
211,4096,21
211,4097,21
211,4098,21
211,4099,21
1001,41,23
1101,410,24
211,4100,21
211,4101,21
211,4102,21
211,4103,21
211,4104,21
211,4105,21
211,4106,24
211,4107,24
211,4108,24
211,4109,24
1101,411,24
211,4110,24
211,4111,24
211,4112,24
211,4113,24
211,4114,24
211,4115,24
211,4116,24
211,4117,24
211,4118,24
211,4119,24
1101,412,24
211,4120,21
211,4121,21
211,4122,21
211,4123,21
211,4124,21
211,4125,21
211,4126,21
211,4127,21
211,4128,21
211,4129,21
1101,413,24
211,4130,21
211,4131,21
211,4132,21
211,4133,21
211,4134,21
211,4135,21
211,4136,21
211,4137,21
211,4138,21
211,4139,21
1101,414,24
211,4140,21
211,4141,21
211,4142,21
211,4143,21
211,4144,21
211,4145,21
211,4146,21
211,4147,21
211,4148,21
211,4149,21
1101,415,24
212,4150,23
212,4151,23
212,4152,23
212,4153,23
212,4154,23
212,4155,23
212,4156,23
212,4157,23
212,4158,23
212,4159,23
1101,416,24
212,4160,23
212,4161,23
212,4162,23
212,4163,23
212,4164,23
212,4165,23
212,4166,23
212,4167,23
212,4168,23
212,4169,23
1101,417,24
212,4170,23
212,4171,23
212,4172,23
212,4173,23
212,4174,23
212,4175,23
212,4176,23
212,4177,23
212,4178,23
212,4179,23
1101,418,24
212,4180,23
212,4181,24
212,4182,24
212,4183,24
212,4184,24
212,4185,24
212,4186,24
212,4187,24
212,4188,24
212,4189,24
1101,419,24
212,4190,24
212,4191,24
212,4192,24
212,4193,24
212,4194,24
212,4195,24
212,4196,24
212,4197,24
212,4198,24
212,4199,24
1001,42,23
1101,420,24
212,4200,24
212,4201,24
212,4202,24
212,4203,24
212,4204,24
212,4205,24
212,4206,24
212,4207,24
212,4208,24
212,4209,24
1101,421,24
212,4210,24
212,4211,24
212,4212,46
212,4213,46
212,4214,46
212,4215,46
212,4216,46
212,4217,46
212,4218,46
212,4219,46
1101,422,24
212,4220,46
212,4221,46
212,4222,46
212,4223,46
212,4224,46
212,4225,46
212,4226,46
212,4227,46
212,4228,46
212,4229,46
1101,423,24
212,4230,46
212,4231,46
212,4232,46
212,4233,46
212,4234,46
212,4235,46
212,4236,46
212,4237,46
212,4238,46
212,4239,46
1101,424,24
212,4240,46
212,4241,46
212,4242,46
212,4243,23
212,4244,24
212,4245,46
212,4246,23
212,4247,23
212,4248,24
212,4249,24
1101,425,24
212,4250,46
212,4251,46
212,4252,23
212,4253,23
212,4254,23
212,4255,23
212,4256,23
212,4257,23
212,4258,23
212,4259,23
1101,426,24
212,4260,23
212,4261,23
212,4262,23
212,4263,23
212,4264,23
212,4265,23
212,4266,23
212,4267,23
212,4268,23
212,4269,23
1101,427,24
212,4270,23
212,4271,23
212,4272,23
212,4273,23
212,4274,23
212,4275,23
212,4276,23
212,4277,23
212,4278,23
212,4279,23
1101,428,24
212,4280,23
212,4281,23
212,4282,24
212,4283,24
212,4284,24
212,4285,24
212,4286,24
212,4287,24
212,4288,24
212,4289,24
1101,429,24
212,4290,24
212,4291,24
212,4292,24
212,4293,24
212,4294,24
212,4295,24
212,4296,24
212,4297,24
212,4298,24
212,4299,24
1001,43,23
1101,430,24
212,4300,24
212,4301,24
212,4302,24
212,4303,24
212,4304,24
212,4305,24
212,4306,24
212,4307,24
212,4308,24
212,4309,24
1101,431,24
212,4310,24
212,4311,24
212,4312,46
212,4313,46
212,4314,46
212,4315,46
212,4316,46
212,4317,46
212,4318,46
212,4319,46
1101,432,24
212,4320,46
212,4321,46
212,4322,46
212,4323,46
212,4324,46
212,4325,46
212,4326,46
212,4327,46
212,4328,46
212,4329,46
1101,433,24
212,4330,46
212,4331,46
212,4332,46
212,4333,46
212,4334,46
212,4335,46
212,4336,46
212,4337,46
212,4338,46
212,4339,46
1101,434,24
212,4340,46
212,4341,46
212,4342,21
212,4343,21
212,4344,21
212,4345,21
212,4346,21
212,4347,21
212,4348,21
212,4349,21
1101,435,24
212,4350,21
212,4351,21
212,4352,21
212,4353,21
212,4354,21
212,4355,21
212,4356,21
212,4357,21
212,4358,21
212,4359,21
1101,436,24
212,4360,21
212,4361,21
212,4362,21
212,4363,21
212,4364,21
212,4365,21
212,4366,21
212,4367,21
213,4368,23
213,4369,23
1101,437,24
213,4370,23
213,4371,23
213,4372,23
213,4373,23
213,4374,23
213,4375,23
213,4376,23
213,4377,23
213,4378,23
213,4379,23
1101,438,24
213,4380,23
213,4381,24
213,4382,24
213,4383,24
213,4384,24
213,4385,24
213,4386,24
213,4387,24
213,4388,24
213,4389,24
1101,439,24
213,4390,24
213,4391,24
213,4392,24
213,4393,24
213,4394,21
213,4395,21
213,4396,21
213,4397,21
213,4398,21
213,4399,21
1001,44,23
1101,440,24
213,4400,21
213,4401,21
213,4402,21
213,4403,21
213,4404,21
213,4405,21
213,4406,21
213,4407,46
213,4408,46
213,4409,46
1101,441,24
213,4410,46
213,4411,46
213,4412,46
213,4413,46
213,4414,46
213,4415,46
213,4416,46
213,4417,46
213,4418,46
213,4419,46
1101,442,24
213,4420,23
213,4421,23
213,4422,23
213,4423,23
213,4424,23
213,4425,23
213,4426,23
213,4427,23
213,4428,23
213,4429,23
1101,443,24
213,4430,23
213,4431,23
213,4432,23
213,4433,23
213,4434,23
213,4435,23
213,4436,23
213,4437,23
213,4438,23
213,4439,23
1101,444,24
213,4440,23
213,4441,23
213,4442,23
213,4443,23
213,4444,23
213,4445,23
213,4446,23
213,4447,23
213,4448,23
213,4449,23
1101,445,24
213,4450,23
213,4451,23
213,4452,23
213,4453,24
213,4454,24
213,4455,24
213,4456,24
213,4457,24
213,4458,24
213,4459,24
1101,446,24
213,4460,24
213,4461,24
213,4462,24
213,4463,24
213,4464,24
213,4465,24
213,4466,24
213,4467,24
213,4468,24
213,4469,24
1101,447,21
213,4470,24
213,4471,24
213,4472,24
213,4473,24
213,4474,24
213,4475,24
213,4476,24
213,4477,24
213,4478,21
213,4479,21
1101,448,21
213,4480,21
213,4481,21
213,4482,21
213,4483,21
213,4484,21
213,4485,21
213,4486,21
213,4487,21
213,4488,21
213,4489,21
1101,449,21
213,4490,21
213,4491,21
213,4492,21
213,4493,46
213,4494,46
213,4495,46
213,4496,46
213,4497,46
213,4498,46
213,4499,46
1001,45,23
1101,450,21
213,4500,46
213,4501,46
213,4502,46
213,4503,46
213,4504,46
213,4505,46
213,4506,46
213,4507,46
213,4508,46
213,4509,46
1101,451,21
213,4510,46
213,4511,46
213,4512,46
213,4513,46
213,4514,46
213,4515,46
213,4516,46
213,4517,46
213,4518,46
213,4519,46
1101,452,21
213,4520,46
213,4521,46
213,4522,46
213,4523,46
213,4524,46
213,4525,46
213,4526,23
213,4527,23
213,4528,23
213,4529,23
1101,453,21
213,4530,23
213,4531,23
213,4532,23
213,4533,23
213,4534,23
213,4535,23
213,4536,23
213,4537,23
213,4538,23
213,4539,23
1101,454,21
213,4540,23
213,4541,23
213,4542,23
213,4543,23
213,4544,23
213,4545,23
213,4546,23
213,4547,23
213,4548,23
213,4549,23
1101,455,21
213,4550,23
213,4551,23
213,4552,23
213,4553,23
213,4554,23
213,4555,23
213,4556,23
213,4557,24
213,4558,24
213,4559,24
1101,456,21
213,4560,24
213,4561,24
213,4562,24
213,4563,24
213,4564,24
213,4565,24
213,4566,24
213,4567,24
213,4568,24
213,4569,24
1101,457,21
213,4570,24
213,4571,24
213,4572,24
213,4573,24
213,4574,24
213,4575,24
213,4576,24
213,4577,24
213,4578,24
213,4579,24
1101,458,21
213,4580,21
213,4581,21
213,4582,21
213,4583,21
213,4584,21
213,4585,21
213,4586,21
213,4587,21
213,4588,21
213,4589,21
1101,459,21
213,4590,21
213,4591,21
213,4592,21
213,4593,46
213,4594,46
213,4595,46
213,4596,46
213,4597,46
213,4598,46
213,4599,46
1001,46,23
1101,460,21
213,4600,46
213,4601,46
213,4602,46
213,4603,46
213,4604,46
213,4605,46
213,4606,46
213,4607,46
213,4608,46
213,4609,46
1101,461,21
213,4610,46
213,4611,46
213,4612,46
213,4613,46
213,4614,46
213,4615,46
213,4616,46
213,4617,46
213,4618,46
213,4619,46
1101,462,21
213,4620,46
213,4621,46
213,4622,46
213,4623,46
213,4624,23
213,4625,23
213,4626,24
213,4627,21
213,4628,21
213,4629,46
1101,463,21
213,4630,46
213,4631,23
213,4632,23
213,4633,23
213,4634,23
213,4635,23
213,4636,23
213,4637,23
213,4638,23
213,4639,23
1101,464,21
213,4640,23
213,4641,23
213,4642,24
213,4643,24
213,4644,24
213,4645,24
213,4646,24
213,4647,24
213,4648,24
213,4649,24
1101,465,21
213,4650,24
213,4651,24
213,4652,24
213,4653,24
213,4654,21
213,4655,21
213,4656,21
213,4657,21
213,4658,21
213,4659,21
1101,466,21
213,4660,21
213,4661,21
213,4662,21
213,4663,21
213,4664,21
213,4665,46
213,4666,46
213,4667,46
213,4668,46
213,4669,46
1101,467,21
213,4670,46
213,4671,46
213,4672,46
213,4673,46
213,4674,46
213,4675,46
213,4676,23
213,4677,24
213,4678,46
214,4679,23
1101,468,21
214,4680,23
214,4681,23
214,4682,23
214,4683,23
214,4684,23
214,4685,23
214,4686,23
214,4687,23
214,4688,23
214,4689,23
1101,469,21
214,4690,23
214,4691,24
214,4692,24
214,4693,24
214,4694,24
214,4695,24
214,4696,24
214,4697,24
214,4698,46
214,4699,46
1001,47,23
1101,470,21
214,4700,46
214,4701,46
214,4702,46
214,4703,46
214,4704,46
214,4705,46
214,4706,46
214,4707,46
214,4708,46
214,4709,46
1101,471,21
214,4710,23
214,4711,23
214,4712,23
214,4713,23
214,4714,23
214,4715,23
214,4716,23
214,4717,23
214,4718,23
214,4719,23
1101,472,21
214,4720,23
214,4721,23
214,4722,23
214,4723,24
214,4724,24
214,4725,24
214,4726,24
214,4727,24
214,4728,24
214,4729,24
1101,473,21
214,4730,46
214,4731,46
214,4732,46
214,4733,46
214,4734,46
214,4735,46
214,4736,46
214,4737,46
214,4738,46
214,4739,46
1101,474,21
214,4740,46
214,4741,46
214,4742,46
214,4743,23
214,4744,24
214,4745,46
214,4746,23
214,4747,24
214,4748,46
214,4749,23
1101,475,21
214,4750,46
214,4751,23
214,4752,24
214,4753,46
146,4754,23
146,4755,24
146,4756,46
146,4757,23
146,4758,23
146,4759,23
1101,476,21
146,4760,23
146,4761,23
146,4762,23
146,4763,24
146,4764,24
146,4765,24
146,4766,24
146,4767,24
146,4768,24
146,4769,46
1101,477,21
146,4770,46
146,4771,46
146,4772,46
146,4773,46
146,4774,46
2,4775,23
2,4776,24
2,4777,46
2,4778,23
2,4779,23
1101,478,21
2,4780,23
2,4781,23
2,4782,23
2,4783,23
2,4784,23
2,4785,23
2,4786,23
2,4787,23
2,4788,23
2,4789,23
1101,479,21
2,4790,23
2,4791,23
2,4792,23
2,4793,23
2,4794,23
2,4795,23
2,4796,23
2,4797,23
2,4798,23
2,4799,23
1001,48,23
1101,480,21
2,4800,23
2,4801,23
2,4802,23
2,4803,23
2,4804,23
2,4805,23
2,4806,23
2,4807,23
2,4808,23
2,4809,23
1101,481,21
2,4810,23
2,4811,23
2,4812,24
2,4813,24
2,4814,24
2,4815,24
2,4816,24
2,4817,24
2,4818,24
2,4819,24
1101,482,21
2,4820,24
2,4821,24
2,4822,24
2,4823,24
2,4824,24
2,4825,24
2,4826,24
2,4827,24
2,4828,24
2,4829,24
1101,483,21
2,4830,24
2,4831,24
2,4832,24
2,4833,24
2,4834,24
2,4835,24
2,4836,24
2,4837,24
2,4838,24
2,4839,24
1101,484,21
2,4840,24
2,4841,24
2,4842,24
2,4843,24
2,4844,24
2,4845,21
2,4846,21
2,4847,21
2,4848,21
2,4849,21
1101,485,21
2,4850,21
2,4851,21
2,4852,21
2,4853,21
2,4854,21
2,4855,21
2,4856,21
2,4857,21
2,4858,21
2,4859,21
1101,486,21
2,4860,21
2,4861,21
2,4862,21
2,4863,21
2,4864,21
2,4865,21
2,4866,21
2,4867,21
2,4868,21
2,4869,21
1101,487,21
2,4870,21
2,4871,21
2,4872,46
2,4873,46
2,4874,46
2,4875,46
2,4876,46
2,4877,46
2,4878,46
2,4879,46
1101,488,21
2,4880,46
2,4881,46
2,4882,46
2,4883,46
2,4884,46
2,4885,46
2,4886,46
2,4887,46
2,4888,46
2,4889,46
1101,489,21
2,4890,46
2,4891,46
2,4892,46
2,4893,46
2,4894,46
2,4895,46
2,4896,46
2,4897,46
2,4898,46
2,4899,46
1001,49,23
1101,490,21
2,4900,46
2,4901,46
2,4902,46
2,4903,46
2,4904,46
2,4905,46
2,4906,23
2,4907,23
2,4908,23
2,4909,23
1101,491,21
2,4910,23
2,4911,23
2,4912,23
2,4913,23
2,4914,23
2,4915,23
2,4916,23
2,4917,23
2,4918,23
2,4919,23
1101,492,21
2,4920,23
2,4921,23
2,4922,23
2,4923,23
2,4924,23
2,4925,23
2,4926,23
2,4927,23
2,4928,23
2,4929,23
1101,493,21
2,4930,23
2,4931,23
2,4932,23
2,4933,23
2,4934,23
2,4935,23
2,4936,23
2,4937,23
2,4938,23
2,4939,23
1101,494,21
2,4940,23
2,4941,23
2,4942,24
2,4943,24
2,4944,24
2,4945,24
2,4946,24
2,4947,24
2,4948,24
2,4949,24
1101,495,21
2,4950,24
2,4951,24
2,4952,24
2,4953,24
2,4954,24
2,4955,24
2,4956,24
2,4957,24
2,4958,24
2,4959,24
1101,496,21
2,4960,24
2,4961,24
2,4962,24
2,4963,24
2,4964,24
2,4965,24
2,4966,24
2,4967,24
2,4968,24
2,4969,24
1101,497,21
2,4970,24
2,4971,24
2,4972,24
2,4973,24
2,4974,24
2,4975,24
2,4976,24
2,4977,21
2,4978,21
2,4979,21
1101,498,21
2,4980,21
2,4981,21
2,4982,21
2,4983,21
2,4984,21
2,4985,21
2,4986,21
2,4987,21
2,4988,21
2,4989,21
1101,499,21
2,4990,21
2,4991,21
2,4992,21
2,4993,21
2,4994,21
2,4995,21
2,4996,21
2,4997,21
2,4998,21
2,4999,21
1001,5,23
1001,50,23
1101,500,46
2,5000,21
2,5001,21
2,5002,21
2,5003,21
2,5004,46
2,5005,46
2,5006,46
2,5007,46
2,5008,46
2,5009,46
1101,501,46
2,5010,46
2,5011,46
2,5012,46
2,5013,46
2,5014,46
2,5015,46
2,5016,46
2,5017,46
2,5018,46
2,5019,46
1101,502,46
2,5020,46
2,5021,46
2,5022,46
2,5023,46
2,5024,46
2,5025,46
2,5026,46
2,5027,46
2,5028,46
2,5029,46
1101,503,46
2,5030,46
2,5031,46
2,5032,46
2,5033,46
2,5034,46
2,5035,46
2,5036,46
2,5037,46
2,5038,46
2,5039,46
1101,504,46
2,5040,23
2,5041,23
2,5042,23
2,5043,23
2,5044,23
2,5045,23
2,5046,23
2,5047,23
2,5048,23
2,5049,23
1101,505,46
2,5050,23
2,5051,23
2,5052,23
2,5053,23
2,5054,23
2,5055,23
2,5056,23
2,5057,23
2,5058,23
2,5059,23
1101,506,46
2,5060,24
2,5061,24
2,5062,24
2,5063,24
2,5064,24
2,5065,24
2,5066,24
2,5067,24
2,5068,46
2,5069,46
1101,507,46
2,5070,46
2,5071,46
2,5072,46
2,5073,46
2,5074,46
2,5075,46
2,5076,46
2,5077,46
2,5078,46
2,5079,46
1101,508,46
2,5080,46
2,5081,46
2,5082,46
2,5083,46
2,5084,46
2,5085,46
2,5086,46
2,5087,46
2,5088,23
2,5089,23
1101,509,46
2,5090,23
2,5091,23
2,5092,23
2,5093,23
2,5094,23
2,5095,23
2,5096,23
2,5097,23
2,5098,23
2,5099,23
1001,51,23
1101,510,46
2,5100,23
2,5101,23
2,5102,23
2,5103,23
2,5104,23
2,5105,23
2,5106,23
2,5107,23
2,5108,23
2,5109,23
1101,511,46
2,5110,23
2,5111,23
2,5112,23
2,5113,23
2,5114,23
2,5115,24
2,5116,24
2,5117,24
2,5118,24
2,5119,24
1101,512,46
2,5120,24
2,5121,24
2,5122,24
2,5123,24
2,5124,24
2,5125,24
2,5126,24
2,5127,24
2,5128,24
2,5129,24
1101,513,46
2,5130,24
2,5131,46
2,5132,46
2,5133,46
2,5134,46
2,5135,46
2,5136,46
2,5137,46
2,5138,46
2,5139,46
1101,514,46
2,5140,46
2,5141,46
2,5142,46
2,5143,46
2,5144,46
2,5145,46
2,5146,46
2,5147,46
2,5148,46
2,5149,46
1101,515,46
2,5150,46
2,5151,46
2,5152,46
2,5153,46
2,5154,46
2,5155,46
2,5156,46
2,5157,46
2,5158,23
2,5159,23
1101,516,46
2,5160,23
2,5161,23
2,5162,23
2,5163,23
2,5164,23
2,5165,24
2,5166,24
2,5167,24
2,5168,24
2,5169,24
1101,517,46
2,5170,24
2,5171,24
2,5172,46
2,5173,46
2,5174,46
2,5175,46
2,5176,46
2,5177,46
2,5178,46
3,5179,23
1101,518,46
3,5180,23
3,5181,23
3,5182,23
3,5183,23
3,5184,23
3,5185,23
3,5186,23
3,5187,23
3,5188,23
3,5189,23
1101,519,46
3,5190,23
3,5191,23
3,5192,23
3,5193,23
3,5194,23
3,5195,23
3,5196,23
3,5197,23
3,5198,23
3,5199,23
1001,52,23
1101,520,46
3,5200,23
3,5201,23
3,5202,23
3,5203,23
3,5204,23
3,5205,23
3,5206,23
3,5207,23
3,5208,23
3,5209,23
1101,521,46
3,5210,23
3,5211,23
3,5212,23
3,5213,23
3,5214,23
3,5215,23
3,5216,23
3,5217,23
3,5218,23
3,5219,23
1101,522,46
3,5220,23
3,5221,23
3,5222,23
3,5223,23
3,5224,23
3,5225,23
3,5226,23
3,5227,23
3,5228,24
3,5229,24
1101,523,46
3,5230,24
3,5231,24
3,5232,24
3,5233,24
3,5234,24
3,5235,24
3,5236,24
3,5237,24
3,5238,24
3,5239,24
1101,524,46
3,5240,24
3,5241,24
3,5242,24
3,5243,24
3,5244,24
3,5245,24
3,5246,24
3,5247,24
3,5248,24
3,5249,24
1101,525,46
3,5250,24
3,5251,24
3,5252,24
3,5253,24
3,5254,24
3,5255,24
3,5256,24
3,5257,24
3,5258,24
3,5259,24
1101,526,46
3,5260,24
3,5261,24
3,5262,24
3,5263,21
3,5264,21
3,5265,21
3,5266,21
3,5267,21
3,5268,21
3,5269,21
1101,527,46
3,5270,21
3,5271,21
3,5272,21
3,5273,21
3,5274,21
3,5275,21
3,5276,21
3,5277,46
3,5278,46
3,5279,46
1101,528,46
3,5280,46
3,5281,46
3,5282,46
3,5283,46
3,5284,46
3,5285,46
3,5286,46
3,5287,46
3,5288,46
3,5289,46
1101,529,46
3,5290,46
3,5291,46
3,5292,46
3,5293,46
3,5294,46
3,5295,46
3,5296,46
3,5297,46
3,5298,46
3,5299,46
1001,53,23
1101,530,46
3,5300,46
3,5301,46
3,5302,46
3,5303,46
3,5304,46
3,5305,46
3,5306,46
3,5307,46
3,5308,46
3,5309,46
1101,531,46
3,5310,46
3,5311,46
3,5312,46
3,5313,46
3,5314,46
3,5315,46
3,5316,46
3,5317,46
3,5318,46
3,5319,46
1101,532,46
3,5320,46
3,5321,46
3,5322,46
3,5323,46
3,5324,46
3,5325,46
3,5326,23
3,5327,23
3,5328,23
3,5329,23
1101,533,46
3,5330,23
3,5331,23
3,5332,23
3,5333,23
3,5334,23
3,5335,23
3,5336,23
3,5337,23
3,5338,23
3,5339,23
1101,534,46
3,5340,23
3,5341,23
3,5342,23
3,5343,23
3,5344,23
3,5345,23
3,5346,23
3,5347,23
3,5348,23
3,5349,23
1101,535,46
3,5350,23
3,5351,23
3,5352,23
3,5353,23
3,5354,23
3,5355,23
3,5356,23
3,5357,23
3,5358,23
3,5359,23
1101,536,46
3,5360,23
3,5361,23
3,5362,23
3,5363,23
3,5364,23
3,5365,23
3,5366,23
3,5367,23
3,5368,23
3,5369,23
1101,537,46
3,5370,23
3,5371,23
3,5372,23
3,5373,23
3,5374,23
3,5375,24
3,5376,24
3,5377,24
3,5378,24
3,5379,24
1101,538,46
3,5380,24
3,5381,24
3,5382,24
3,5383,24
3,5384,24
3,5385,24
3,5386,24
3,5387,24
3,5388,24
3,5389,24
1101,539,46
3,5390,24
3,5391,24
3,5392,24
3,5393,24
3,5394,24
3,5395,24
3,5396,24
3,5397,24
3,5398,24
3,5399,24
1001,54,23
1101,540,46
3,5400,24
3,5401,24
3,5402,24
3,5403,24
3,5404,24
3,5405,24
3,5406,24
3,5407,24
3,5408,24
3,5409,24
1101,541,46
3,5410,21
3,5411,21
3,5412,21
3,5413,21
3,5414,21
3,5415,21
3,5416,21
3,5417,21
3,5418,21
3,5419,21
1101,542,46
3,5420,21
3,5421,21
3,5422,21
3,5423,21
3,5424,46
3,5425,46
3,5426,46
3,5427,46
3,5428,46
3,5429,46
1101,543,46
3,5430,46
3,5431,46
3,5432,46
3,5433,46
3,5434,46
3,5435,46
3,5436,46
3,5437,46
3,5438,46
3,5439,46
1101,544,46
3,5440,46
3,5441,46
3,5442,46
3,5443,46
3,5444,46
3,5445,46
3,5446,46
3,5447,46
3,5448,46
3,5449,46
1101,545,46
3,5450,46
3,5451,46
3,5452,46
3,5453,46
3,5454,46
3,5455,46
3,5456,46
3,5457,46
3,5458,46
3,5459,46
1101,546,46
3,5460,46
3,5461,46
3,5462,46
3,5463,46
3,5464,46
3,5465,46
3,5466,46
3,5467,46
3,5468,46
3,5469,46
1101,547,46
3,5470,46
3,5471,46
3,5472,46
4,5473,23
4,5474,23
4,5475,23
4,5476,23
4,5477,23
4,5478,23
4,5479,23
1101,548,46
4,5480,23
4,5481,23
4,5482,23
4,5483,23
4,5484,23
4,5485,23
4,5486,23
4,5487,23
4,5488,23
4,5489,23
1101,549,46
4,5490,23
4,5491,23
4,5492,23
4,5493,23
4,5494,23
4,5495,23
4,5496,23
4,5497,23
4,5498,23
4,5499,23
1001,55,24
1101,550,46
4,5500,23
4,5501,23
4,5502,23
4,5503,23
4,5504,23
4,5505,23
4,5506,23
4,5507,23
4,5508,23
4,5509,23
1101,551,46
4,5510,23
4,5511,23
4,5512,23
4,5513,23
4,5514,23
4,5515,23
4,5516,23
4,5517,23
4,5518,23
4,5519,23
1101,552,46
4,5520,23
4,5521,23
4,5522,23
4,5523,23
4,5524,23
4,5525,23
4,5526,24
4,5527,24
4,5528,24
4,5529,24
1101,553,46
4,5530,24
4,5531,24
4,5532,24
4,5533,24
4,5534,24
4,5535,24
4,5536,24
4,5537,24
4,5538,24
4,5539,24
1101,554,46
4,5540,24
4,5541,24
4,5542,24
4,5543,24
4,5544,24
4,5545,24
4,5546,24
4,5547,24
4,5548,24
4,5549,24
1101,555,46
4,5550,24
4,5551,24
4,5552,24
4,5553,24
4,5554,24
4,5555,24
4,5556,24
4,5557,24
4,5558,24
4,5559,24
1101,556,46
4,5560,24
4,5561,24
4,5562,24
4,5563,24
4,5564,24
4,5565,24
4,5566,24
4,5567,24
4,5568,24
4,5569,24
1101,557,46
4,5570,24
4,5571,24
4,5572,24
4,5573,21
4,5574,21
4,5575,21
4,5576,21
4,5577,21
4,5578,21
4,5579,21
1101,558,46
4,5580,21
4,5581,21
4,5582,21
4,5583,21
4,5584,21
4,5585,21
4,5586,21
4,5587,21
4,5588,21
4,5589,21
1101,559,46
4,5590,21
4,5591,21
4,5592,46
4,5593,46
4,5594,46
4,5595,46
4,5596,46
4,5597,46
4,5598,46
4,5599,46
1001,56,24
1101,560,46
4,5600,46
4,5601,46
4,5602,46
4,5603,46
4,5604,46
4,5605,46
4,5606,46
4,5607,46
4,5608,46
4,5609,46
1101,561,46
4,5610,46
4,5611,46
4,5612,46
4,5613,46
4,5614,46
4,5615,46
4,5616,46
4,5617,46
4,5618,46
4,5619,46
1101,562,46
4,5620,46
4,5621,46
4,5622,46
4,5623,46
4,5624,46
4,5625,46
4,5626,46
4,5627,46
4,5628,46
4,5629,46
1101,563,46
4,5630,46
4,5631,46
4,5632,46
4,5633,46
4,5634,46
4,5635,46
4,5636,46
4,5637,46
4,5638,46
4,5639,46
1101,564,46
4,5640,46
4,5641,46
4,5642,46
4,5643,46
4,5644,46
4,5645,23
4,5646,23
4,5647,23
4,5648,23
4,5649,23
1101,565,46
4,5650,23
4,5651,23
4,5652,23
4,5653,23
4,5654,23
4,5655,23
4,5656,23
4,5657,23
4,5658,23
4,5659,23
1101,566,46
4,5660,23
4,5661,23
4,5662,23
4,5663,23
4,5664,23
4,5665,23
4,5666,23
4,5667,23
4,5668,23
4,5669,23
1101,567,23
4,5670,23
4,5671,23
4,5672,23
4,5673,23
4,5674,23
4,5675,23
4,5676,23
4,5677,23
4,5678,23
4,5679,23
1101,568,23
4,5680,23
4,5681,23
4,5682,23
4,5683,23
4,5684,23
4,5685,23
4,5686,23
4,5687,23
4,5688,23
4,5689,23
1101,569,23
4,5690,23
4,5691,23
4,5692,23
4,5693,23
4,5694,23
4,5695,23
4,5696,23
4,5697,23
4,5698,23
4,5699,23
1001,57,24
1101,570,23
4,5700,24
4,5701,24
4,5702,24
4,5703,24
4,5704,24
4,5705,24
4,5706,24
4,5707,24
4,5708,24
4,5709,24
1101,571,24
4,5710,24
4,5711,24
4,5712,24
4,5713,24
4,5714,24
4,5715,24
4,5716,24
4,5717,24
4,5718,24
4,5719,24
1101,572,24
4,5720,24
4,5721,24
4,5722,24
4,5723,24
4,5724,24
4,5725,24
4,5726,24
4,5727,24
4,5728,24
4,5729,24
1101,573,24
4,5730,24
4,5731,24
4,5732,24
4,5733,24
4,5734,24
4,5735,24
4,5736,24
4,5737,24
4,5738,24
4,5739,24
1101,574,46
4,5740,24
4,5741,24
4,5742,24
4,5743,24
4,5744,24
4,5745,24
4,5746,24
4,5747,24
4,5748,24
4,5749,21
1101,575,46
4,5750,21
4,5751,21
4,5752,21
4,5753,21
4,5754,21
4,5755,21
4,5756,21
4,5757,21
4,5758,21
4,5759,21
1101,576,46
4,5760,21
4,5761,21
4,5762,21
4,5763,21
4,5764,21
4,5765,21
4,5766,21
4,5767,21
4,5768,46
4,5769,46
1101,577,46
4,5770,46
4,5771,46
4,5772,46
4,5773,46
4,5774,46
4,5775,46
4,5776,46
4,5777,46
4,5778,46
4,5779,46
1101,578,23
4,5780,46
4,5781,46
4,5782,46
4,5783,46
4,5784,46
4,5785,46
4,5786,46
4,5787,46
4,5788,46
4,5789,46
1101,579,23
4,5790,46
4,5791,46
4,5792,46
4,5793,46
4,5794,46
4,5795,46
4,5796,46
4,5797,46
4,5798,46
4,5799,46
1001,58,24
1101,580,23
4,5800,46
4,5801,46
4,5802,46
4,5803,46
4,5804,46
4,5805,46
4,5806,46
4,5807,46
4,5808,46
4,5809,46
1101,581,23
4,5810,46
4,5811,46
4,5812,46
4,5813,46
4,5814,46
4,5815,46
4,5816,46
4,5817,46
4,5818,46
4,5819,46
1101,582,24
4,5820,46
4,5821,46
4,5822,46
6,5823,21
6,5824,21
6,5825,21
6,5826,21
6,5827,21
6,5828,21
6,5829,21
1101,583,24
6,5830,21
6,5831,21
6,5832,21
6,5833,21
6,5834,21
6,5835,21
6,5836,23
6,5837,23
6,5838,23
6,5839,23
1101,584,24
6,5840,23
6,5841,23
6,5842,23
6,5843,23
6,5844,23
6,5845,23
6,5846,23
6,5847,23
6,5848,23
6,5849,23
1101,585,46
6,5850,23
6,5851,23
6,5852,23
6,5853,23
6,5854,23
6,5855,23
6,5856,23
6,5857,23
6,5858,23
6,5859,23
1101,586,46
6,5860,23
6,5861,23
6,5862,23
6,5863,23
6,5864,23
6,5865,24
6,5866,24
6,5867,24
6,5868,24
6,5869,24
1101,587,46
6,5870,24
6,5871,24
6,5872,24
6,5873,24
6,5874,24
6,5875,24
6,5876,24
6,5877,24
6,5878,24
6,5879,24
1101,588,46
6,5880,24
6,5881,24
6,5882,24
6,5883,24
6,5884,24
6,5885,24
6,5886,24
6,5887,24
6,5888,24
6,5889,24
1102,589,23
6,5890,24
6,5891,24
6,5892,24
6,5893,24
6,5894,46
6,5895,46
6,5896,46
6,5897,46
6,5898,46
6,5899,46
1001,59,24
1102,590,23
6,5900,46
6,5901,46
6,5902,46
6,5903,46
6,5904,46
6,5905,46
6,5906,46
6,5907,46
6,5908,46
6,5909,46
1102,591,23
6,5910,46
6,5911,46
6,5912,46
6,5913,46
6,5914,46
6,5915,46
6,5916,46
6,5917,46
6,5918,46
6,5919,46
1102,592,23
6,5920,46
6,5921,46
6,5922,46
6,5923,23
6,5924,24
6,5925,46
221,5926,23
221,5927,23
221,5928,23
221,5929,23
1102,593,23
221,5930,23
221,5931,23
221,5932,23
221,5933,23
221,5934,23
221,5935,23
221,5936,23
221,5937,23
221,5938,23
221,5939,23
1102,594,23
221,5940,23
221,5941,23
221,5942,23
221,5943,23
221,5944,23
221,5945,23
221,5946,23
221,5947,23
221,5948,23
221,5949,23
1102,595,23
221,5950,23
221,5951,23
221,5952,23
221,5953,23
221,5954,23
221,5955,23
221,5956,23
221,5957,23
221,5958,23
221,5959,23
1102,596,23
221,5960,23
221,5961,23
221,5962,23
221,5963,23
221,5964,23
221,5965,23
221,5966,23
221,5967,23
221,5968,23
221,5969,23
1102,597,23
221,5970,23
221,5971,23
221,5972,23
221,5973,23
221,5974,23
221,5975,24
221,5976,24
221,5977,24
221,5978,24
221,5979,24
1102,598,23
221,5980,24
221,5981,24
221,5982,24
221,5983,24
221,5984,24
221,5985,24
221,5986,24
221,5987,24
221,5988,24
221,5989,24
1102,599,23
221,5990,24
221,5991,24
221,5992,24
221,5993,24
221,5994,24
221,5995,24
221,5996,24
221,5997,24
221,5998,24
221,5999,24
1001,6,23
1001,60,24
1102,600,23
221,6000,24
221,6001,24
221,6002,24
221,6003,24
221,6004,24
221,6005,24
221,6006,24
221,6007,24
221,6008,24
221,6009,24
1102,601,23
221,6010,24
221,6011,24
221,6012,24
221,6013,24
221,6014,24
221,6015,24
221,6016,21
221,6017,21
221,6018,21
221,6019,21
1102,602,23
221,6020,21
221,6021,21
221,6022,21
221,6023,21
221,6024,21
221,6025,21
221,6026,21
221,6027,21
221,6028,21
221,6029,21
1102,603,23
221,6030,21
221,6031,21
221,6032,21
221,6033,21
221,6034,21
221,6035,21
221,6036,21
221,6037,21
221,6038,21
221,6039,21
1102,604,23
221,6040,21
221,6041,21
221,6042,21
221,6043,21
221,6044,46
221,6045,46
221,6046,46
221,6047,46
221,6048,46
221,6049,46
1102,605,23
221,6050,46
221,6051,46
221,6052,46
221,6053,46
221,6054,46
221,6055,46
221,6056,46
221,6057,46
221,6058,46
221,6059,46
1102,606,23
221,6060,46
221,6061,46
221,6062,46
221,6063,46
221,6064,46
221,6065,46
221,6066,46
221,6067,46
221,6068,46
221,6069,46
1102,607,23
221,6070,46
221,6071,46
221,6072,46
221,6073,46
221,6074,46
221,6075,46
221,6076,46
221,6077,46
221,6078,46
221,6079,46
1102,608,23
221,6080,46
221,6081,46
221,6082,46
221,6083,46
221,6084,46
221,6085,46
221,6086,46
221,6087,46
221,6088,46
221,6089,46
1102,609,23
221,6090,46
221,6091,46
221,6092,46
221,6093,46
221,6094,46
221,6095,46
221,6096,46
221,6097,46
221,6098,23
221,6099,23
1001,61,24
1102,610,23
221,6100,23
221,6101,23
221,6102,23
221,6103,23
221,6104,23
221,6105,23
221,6106,23
221,6107,23
221,6108,23
221,6109,23
1102,611,23
221,6110,23
221,6111,23
221,6112,23
221,6113,23
221,6114,23
221,6115,23
221,6116,23
221,6117,23
221,6118,23
221,6119,23
1102,612,23
221,6120,23
221,6121,23
221,6122,23
221,6123,23
221,6124,23
221,6125,23
221,6126,23
221,6127,23
221,6128,23
221,6129,23
1102,613,23
221,6130,23
221,6131,23
221,6132,23
221,6133,23
221,6134,23
221,6135,23
221,6136,23
221,6137,23
221,6138,23
221,6139,23
1102,614,23
221,6140,23
221,6141,23
221,6142,23
221,6143,23
221,6144,23
221,6145,23
221,6146,23
221,6147,23
221,6148,24
221,6149,24
1102,615,23
221,6150,24
221,6151,24
221,6152,24
221,6153,24
221,6154,24
221,6155,24
221,6156,24
221,6157,24
221,6158,24
221,6159,24
1102,616,23
221,6160,24
221,6161,24
221,6162,24
221,6163,24
221,6164,24
221,6165,24
221,6166,24
221,6167,24
221,6168,24
221,6169,24
1102,617,23
221,6170,24
221,6171,24
221,6172,24
221,6173,24
221,6174,24
221,6175,24
221,6176,24
221,6177,24
221,6178,24
221,6179,24
1102,618,23
221,6180,24
221,6181,24
221,6182,24
221,6183,24
221,6184,24
221,6185,24
221,6186,24
221,6187,24
221,6188,24
221,6189,24
1102,619,23
221,6190,21
221,6191,21
221,6192,21
221,6193,21
221,6194,21
221,6195,21
221,6196,21
221,6197,21
221,6198,21
221,6199,21
1001,62,24
1102,620,23
221,6200,21
221,6201,21
221,6202,21
221,6203,21
221,6204,21
221,6205,21
221,6206,21
221,6207,21
221,6208,21
221,6209,21
1102,621,23
221,6210,21
221,6211,21
221,6212,21
221,6213,21
221,6214,21
221,6215,21
221,6216,21
221,6217,21
221,6218,21
221,6219,46
1102,622,23
221,6220,46
221,6221,46
221,6222,46
221,6223,46
221,6224,46
221,6225,46
221,6226,46
221,6227,46
221,6228,46
221,6229,46
1102,623,23
221,6230,46
221,6231,46
221,6232,46
221,6233,46
221,6234,46
221,6235,46
221,6236,46
221,6237,46
221,6238,46
221,6239,46
1102,624,23
221,6240,46
221,6241,46
221,6242,46
221,6243,46
221,6244,46
221,6245,46
221,6246,46
221,6247,46
221,6248,46
221,6249,46
1102,625,23
221,6250,46
221,6251,46
221,6252,46
221,6253,46
221,6254,46
221,6255,46
221,6256,46
221,6257,46
221,6258,46
221,6259,46
1102,626,23
221,6260,46
221,6261,46
221,6262,46
221,6263,46
221,6264,46
221,6265,46
221,6266,46
221,6267,46
221,6268,46
221,6269,46
1102,627,23
221,6270,46
221,6271,46
221,6272,46
221,6273,46
222,6274,23
222,6275,24
222,6276,21
222,6277,46
222,6278,23
222,6279,23
1102,628,23
222,6280,23
222,6281,23
222,6282,23
222,6283,23
222,6284,23
222,6285,23
222,6286,23
222,6287,23
222,6288,23
222,6289,23
1102,629,23
222,6290,23
222,6291,23
222,6292,23
222,6293,23
222,6294,23
222,6295,23
222,6296,23
222,6297,23
222,6298,23
222,6299,23
1001,63,24
1102,630,23
222,6300,23
222,6301,23
222,6302,23
222,6303,23
222,6304,23
222,6305,23
222,6306,23
222,6307,23
222,6308,24
222,6309,24
1102,631,23
222,6310,24
222,6311,24
222,6312,24
222,6313,24
222,6314,24
222,6315,24
222,6316,24
222,6317,24
222,6318,24
222,6319,24
1102,632,23
222,6320,24
222,6321,24
222,6322,24
222,6323,24
222,6324,24
222,6325,24
222,6326,24
222,6327,24
222,6328,24
222,6329,24
1102,633,23
222,6330,24
222,6331,24
222,6332,24
222,6333,24
222,6334,24
222,6335,24
222,6336,24
222,6337,24
222,6338,21
222,6339,21
1102,634,23
222,6340,21
222,6341,21
222,6342,21
222,6343,21
222,6344,21
222,6345,21
222,6346,21
222,6347,21
222,6348,21
222,6349,21
1102,635,23
222,6350,21
222,6351,21
222,6352,21
222,6353,21
222,6354,21
222,6355,21
222,6356,21
222,6357,21
222,6358,21
222,6359,21
1102,636,23
222,6360,21
222,6361,21
222,6362,21
222,6363,21
222,6364,46
222,6365,46
222,6366,46
222,6367,46
222,6368,46
222,6369,46
1102,637,23
222,6370,46
222,6371,46
222,6372,46
222,6373,46
222,6374,46
222,6375,46
222,6376,46
222,6377,46
222,6378,46
222,6379,46
1102,638,23
222,6380,46
222,6381,46
222,6382,46
222,6383,46
222,6384,46
222,6385,46
222,6386,46
222,6387,46
222,6388,46
222,6389,46
1102,639,23
222,6390,46
222,6391,46
222,6392,46
222,6393,46
222,6394,23
222,6395,23
222,6396,23
222,6397,23
222,6398,23
222,6399,23
1001,64,24
1102,640,23
222,6400,23
222,6401,23
222,6402,23
222,6403,23
222,6404,23
222,6405,23
222,6406,23
222,6407,23
222,6408,23
222,6409,23
1102,641,23
222,6410,23
222,6411,23
222,6412,23
222,6413,23
222,6414,23
222,6415,23
222,6416,23
222,6417,23
222,6418,23
222,6419,23
1102,642,23
222,6420,23
222,6421,23
222,6422,23
222,6423,24
222,6424,24
222,6425,24
222,6426,24
222,6427,24
222,6428,24
222,6429,24
1102,643,23
222,6430,24
222,6431,24
222,6432,24
222,6433,24
222,6434,24
222,6435,24
222,6436,24
222,6437,24
222,6438,24
222,6439,24
1102,644,23
222,6440,24
222,6441,24
222,6442,24
222,6443,24
222,6444,24
222,6445,24
222,6446,24
222,6447,24
222,6448,24
222,6449,24
1102,645,23
222,6450,24
222,6451,24
222,6452,21
222,6453,21
222,6454,21
222,6455,21
222,6456,21
222,6457,21
222,6458,21
222,6459,21
1102,646,23
222,6460,21
222,6461,21
222,6462,21
222,6463,21
222,6464,21
222,6465,21
222,6466,21
222,6467,21
222,6468,21
222,6469,21
1102,647,23
222,6470,21
222,6471,21
222,6472,21
222,6473,21
222,6474,21
222,6475,21
222,6476,21
222,6477,46
222,6478,46
222,6479,46
1102,648,23
222,6480,46
222,6481,46
222,6482,46
222,6483,46
222,6484,46
222,6485,46
222,6486,46
222,6487,46
222,6488,46
222,6489,46
1102,649,23
222,6490,46
222,6491,46
222,6492,46
222,6493,46
222,6494,46
222,6495,46
222,6496,46
222,6497,46
222,6498,46
222,6499,46
1001,65,24
1102,650,23
222,6500,46
222,6501,46
222,6502,46
222,6503,46
222,6504,46
222,6505,46
202,6506,23
202,6507,23
202,6508,23
202,6509,23
1102,651,23
202,6510,23
202,6511,23
202,6512,23
202,6513,23
202,6514,23
202,6515,23
202,6516,23
202,6517,23
202,6518,23
202,6519,24
1102,652,23
202,6520,24
202,6521,24
202,6522,24
202,6523,24
202,6524,24
202,6525,24
202,6526,24
202,6527,24
202,6528,24
202,6529,24
1102,653,23
202,6530,24
202,6531,24
202,6532,46
202,6533,46
202,6534,46
202,6535,46
202,6536,46
202,6537,46
202,6538,46
202,6539,46
1102,654,23
202,6540,46
202,6541,46
202,6542,46
202,6543,46
202,6544,46
202,6545,23
202,6546,23
202,6547,23
202,6548,23
202,6549,23
1102,655,23
202,6550,23
202,6551,23
202,6552,23
202,6553,23
202,6554,23
202,6555,23
202,6556,23
202,6557,23
202,6558,23
202,6559,24
1102,656,23
202,6560,24
202,6561,24
202,6562,24
202,6563,24
202,6564,24
202,6565,24
202,6566,24
202,6567,24
202,6568,24
202,6569,24
1102,657,23
202,6570,24
202,6571,24
202,6572,24
202,6573,46
202,6574,46
202,6575,46
202,6576,46
202,6577,46
202,6578,46
202,6579,46
1102,658,23
202,6580,46
202,6581,46
202,6582,46
202,6583,46
202,6584,46
202,6585,46
202,6586,46
202,6587,23
202,6588,24
202,6589,46
1102,659,23
201,6590,23
201,6591,46
201,6592,23
201,6593,24
201,6594,46
201,6595,23
201,6596,23
201,6597,23
201,6598,23
201,6599,23
1001,66,24
1102,660,24
201,6600,23
201,6601,23
201,6602,23
201,6603,23
201,6604,23
201,6605,23
201,6606,23
201,6607,23
201,6608,23
201,6609,23
1102,661,24
201,6610,23
201,6611,23
201,6612,23
201,6613,24
201,6614,24
201,6615,24
201,6616,24
201,6617,24
201,6618,24
201,6619,24
1102,662,24
201,6620,24
201,6621,24
201,6622,24
201,6623,24
201,6624,24
201,6625,24
201,6626,24
201,6627,24
201,6628,24
201,6629,21
1102,663,24
201,6630,21
201,6631,21
201,6632,21
201,6633,21
201,6634,21
201,6635,21
201,6636,21
201,6637,21
201,6638,21
201,6639,21
1102,664,24
201,6640,21
201,6641,21
201,6642,21
201,6643,46
201,6644,46
201,6645,46
201,6646,46
201,6647,46
201,6648,46
201,6649,46
1102,665,24
201,6650,46
201,6651,46
201,6652,46
201,6653,46
201,6654,46
201,6655,46
201,6656,46
201,6657,46
201,6658,46
201,6659,46
1102,666,24
201,6660,46
201,6661,24
201,6662,24
201,6663,23
201,6664,23
201,6665,21
201,6666,21
201,6667,46
201,6668,46
201,6669,24
1102,667,24
201,6670,24
201,6671,23
201,6672,23
201,6673,23
201,6674,23
201,6675,23
201,6676,23
201,6677,23
201,6678,23
201,6679,23
1102,668,24
201,6680,23
201,6681,23
201,6682,23
201,6683,23
201,6684,23
201,6685,23
201,6686,23
201,6687,24
201,6688,24
201,6689,24
1102,669,24
201,6690,24
201,6691,24
201,6692,24
201,6693,24
201,6694,24
201,6695,24
201,6696,24
201,6697,24
201,6698,24
201,6699,24
1001,67,24
1102,670,24
201,6700,24
201,6701,24
201,6702,21
201,6703,21
201,6704,21
201,6705,21
201,6706,21
201,6707,21
201,6708,21
201,6709,21
1102,671,24
201,6710,21
201,6711,21
201,6712,21
201,6713,21
201,6714,21
201,6715,21
201,6716,21
201,6717,46
201,6718,46
201,6719,46
1102,672,24
201,6720,46
201,6721,46
201,6722,46
201,6723,46
201,6724,46
201,6725,46
201,6726,46
201,6727,46
201,6728,46
201,6729,46
1102,673,24
201,6730,46
201,6731,46
201,6732,46
201,6733,23
201,6734,46
201,6735,23
201,6736,23
201,6737,21
201,6738,21
201,6739,46
1102,674,24
201,6740,46
201,6741,23
201,6742,24
201,6743,46
225,6744,23
225,6745,23
225,6746,24
225,6747,24
225,6748,46
225,6749,46
1102,675,24
225,6750,21
225,6751,21
225,6752,21
225,6753,21
225,6754,21
225,6755,21
225,6756,21
225,6757,21
225,6758,21
225,6759,21
1102,676,24
225,6760,21
225,6761,21
225,6762,23
225,6763,23
225,6764,23
225,6765,23
225,6766,23
225,6767,23
225,6768,23
225,6769,23
1102,677,24
225,6770,23
225,6771,24
225,6772,24
225,6773,24
225,6774,24
225,6775,24
225,6776,24
225,6777,24
225,6778,24
225,6779,24
1102,678,24
225,6780,46
225,6781,46
225,6782,46
225,6783,46
225,6784,46
225,6785,46
225,6786,46
225,6787,46
225,6788,46
225,6789,23
1102,679,24
225,6790,23
225,6791,23
225,6792,23
225,6793,23
225,6794,23
225,6795,23
225,6796,23
225,6797,23
225,6798,24
225,6799,24
1001,68,24
1102,680,24
225,6800,24
225,6801,24
225,6802,24
225,6803,24
225,6804,24
225,6805,24
225,6806,24
225,6807,46
225,6808,46
225,6809,46
1102,681,24
225,6810,46
225,6811,46
225,6812,46
225,6813,46
225,6814,46
225,6815,46
225,6816,23
225,6817,24
225,6818,46
225,6819,23
1102,682,24
225,6820,23
225,6821,23
225,6822,23
225,6823,23
225,6824,23
225,6825,23
225,6826,23
225,6827,23
225,6828,23
225,6829,23
1102,683,24
225,6830,23
225,6831,23
225,6832,23
225,6833,23
225,6834,24
225,6835,24
225,6836,24
225,6837,24
225,6838,24
225,6839,24
1102,684,24
225,6840,24
225,6841,24
225,6842,24
225,6843,24
225,6844,24
225,6845,24
225,6846,24
225,6847,24
225,6848,24
225,6849,21
1102,685,24
225,6850,21
225,6851,21
225,6852,21
225,6853,21
225,6854,21
225,6855,21
225,6856,21
225,6857,21
225,6858,21
225,6859,21
1102,686,24
225,6860,21
225,6861,46
225,6862,46
225,6863,46
225,6864,46
225,6865,46
225,6866,46
225,6867,46
225,6868,46
225,6869,46
1102,687,24
225,6870,46
225,6871,46
225,6872,46
225,6873,46
225,6874,46
225,6875,46
225,6876,23
225,6877,23
225,6878,23
225,6879,23
1102,688,24
225,6880,23
225,6881,23
225,6882,23
225,6883,23
225,6884,23
225,6885,23
225,6886,23
225,6887,23
225,6888,23
225,6889,23
1102,689,24
225,6890,23
225,6891,24
225,6892,24
225,6893,24
225,6894,24
225,6895,24
225,6896,24
225,6897,24
225,6898,24
225,6899,24
1001,69,24
1102,690,24
225,6900,24
225,6901,24
225,6902,24
225,6903,24
225,6904,24
225,6905,24
225,6906,46
225,6907,46
225,6908,46
225,6909,46
1102,691,24
225,6910,46
225,6911,46
225,6912,46
225,6913,46
225,6914,46
225,6915,46
225,6916,46
225,6917,46
225,6918,46
225,6919,46
1102,692,24
225,6920,46
225,6921,23
225,6922,24
225,6923,46
116,6924,23
116,6925,23
116,6926,24
116,6927,24
116,6928,46
116,6929,46
1102,693,24
116,6930,23
116,6931,24
116,6932,46
116,6933,23
116,6934,23
116,6935,23
116,6936,23
116,6937,23
116,6938,23
116,6939,23
1102,694,24
116,6940,23
116,6941,23
116,6942,23
116,6943,23
116,6944,23
116,6945,23
116,6946,23
116,6947,23
116,6948,23
116,6949,23
1102,695,24
116,6950,23
116,6951,23
116,6952,23
116,6953,23
116,6954,23
116,6955,23
116,6956,23
116,6957,24
116,6958,24
116,6959,24
1102,696,24
116,6960,24
116,6961,24
116,6962,24
116,6963,24
116,6964,24
116,6965,24
116,6966,24
116,6967,24
116,6968,24
116,6969,24
1102,697,24
116,6970,24
116,6971,24
116,6972,24
116,6973,24
116,6974,24
116,6975,24
116,6976,24
116,6977,24
116,6978,24
116,6979,24
1102,698,24
116,6980,24
116,6981,46
116,6982,46
116,6983,46
116,6984,46
116,6985,46
116,6986,46
116,6987,46
116,6988,46
116,6989,46
1102,699,24
116,6990,46
116,6991,46
116,6992,46
116,6993,46
116,6994,46
116,6995,46
116,6996,46
116,6997,46
116,6998,46
116,6999,46
1001,7,23
1001,70,24
1102,700,24
116,7000,46
116,7001,46
116,7002,46
116,7003,46
116,7004,46
117,7005,23
117,7006,23
117,7007,23
117,7008,23
117,7009,23
1102,701,24
117,7010,23
117,7011,23
117,7012,23
117,7013,23
117,7014,23
117,7015,23
117,7016,23
117,7017,24
117,7018,24
117,7019,24
1102,702,24
117,7020,24
117,7021,24
117,7022,24
117,7023,24
117,7024,24
117,7025,24
117,7026,24
117,7027,24
117,7028,24
117,7029,46
1102,703,24
117,7030,46
117,7031,46
117,7032,46
117,7033,46
117,7034,46
117,7035,46
117,7036,46
117,7037,46
117,7038,46
117,7039,46
1102,704,24
117,7040,46
117,7041,23
117,7042,24
117,7043,46
117,7044,23
117,7045,23
117,7046,23
117,7047,23
117,7048,23
117,7049,24
1102,705,24
117,7050,24
117,7051,24
117,7052,24
117,7053,24
117,7054,46
117,7055,46
117,7056,46
117,7057,46
117,7058,46
117,7059,23
1102,706,24
117,7060,24
117,7061,46
117,7062,23
117,7063,23
117,7064,23
117,7065,23
117,7066,23
117,7067,23
117,7068,23
117,7069,23
1102,707,24
117,7070,24
117,7071,24
117,7072,24
117,7073,24
117,7074,24
117,7075,24
117,7076,24
117,7077,24
117,7078,46
117,7079,46
1102,708,24
117,7080,46
117,7081,46
117,7082,46
117,7083,46
117,7084,46
117,7085,46
117,7086,23
117,7087,24
117,7088,46
224,7089,23
1102,709,24
224,7090,23
224,7091,23
224,7092,23
224,7093,24
224,7094,24
224,7095,24
224,7096,24
224,7097,21
224,7098,21
224,7099,21
1001,71,24
1102,710,24
224,7100,21
224,7101,46
224,7102,46
224,7103,46
224,7104,46
224,7105,23
224,7106,23
224,7107,23
224,7108,24
224,7109,24
1102,711,24
224,7110,24
224,7111,21
224,7112,21
224,7113,21
224,7114,46
224,7115,46
224,7116,46
224,7117,23
224,7118,23
224,7119,23
1102,712,24
224,7120,24
224,7121,24
224,7122,24
224,7123,21
224,7124,21
224,7125,21
224,7126,46
224,7127,46
224,7128,46
224,7129,23
1102,713,24
224,7130,23
224,7131,23
224,7132,23
224,7133,24
224,7134,24
224,7135,24
224,7136,24
224,7137,21
224,7138,21
224,7139,21
1102,714,24
224,7140,21
224,7141,46
224,7142,46
224,7143,46
224,7144,46
224,7145,23
224,7146,24
224,7147,21
224,7148,46
223,7149,23
1102,715,24
223,7150,23
223,7151,23
223,7152,23
223,7153,23
223,7154,23
223,7155,23
223,7156,23
223,7157,23
223,7158,23
223,7159,23
1102,716,24
223,7160,23
223,7161,23
223,7162,23
223,7163,23
223,7164,23
223,7165,23
223,7166,23
223,7167,23
223,7168,23
223,7169,24
1102,717,24
223,7170,24
223,7171,24
223,7172,24
223,7173,24
223,7174,24
223,7175,24
223,7176,24
223,7177,24
223,7178,24
223,7179,24
1102,718,24
223,7180,24
223,7181,24
223,7182,24
223,7183,24
223,7184,24
223,7185,24
223,7186,24
223,7187,24
223,7188,24
223,7189,21
1102,719,21
223,7190,21
223,7191,21
223,7192,21
223,7193,21
223,7194,21
223,7195,21
223,7196,21
223,7197,21
223,7198,21
223,7199,21
1001,72,24
1102,720,21
223,7200,21
223,7201,21
223,7202,21
223,7203,21
223,7204,21
223,7205,21
223,7206,21
223,7207,21
223,7208,21
223,7209,46
1102,721,21
223,7210,46
223,7211,46
223,7212,46
223,7213,46
223,7214,46
223,7215,46
223,7216,46
223,7217,46
223,7218,46
223,7219,46
1102,722,21
223,7220,46
223,7221,46
223,7222,46
223,7223,46
223,7224,46
223,7225,46
223,7226,46
223,7227,46
223,7228,46
215,7229,24
1102,723,21
215,7230,21
215,7231,23
215,7232,23
215,7233,23
215,7234,24
215,7235,24
215,7236,24
215,7237,46
215,7238,46
215,7239,46
1102,724,21
215,7240,23
215,7241,23
215,7242,24
215,7243,24
215,7244,46
215,7245,46
215,7246,23
215,7247,23
215,7248,23
215,7249,23
1102,725,21
215,7250,23
215,7251,23
215,7252,23
215,7253,23
215,7254,23
215,7255,23
215,7256,23
215,7257,24
215,7258,24
215,7259,24
1102,726,21
215,7260,24
215,7261,24
215,7262,24
215,7263,24
215,7264,24
215,7265,24
215,7266,21
215,7267,21
215,7268,21
215,7269,21
1102,727,21
215,7270,21
215,7271,21
215,7272,21
215,7273,46
215,7274,46
215,7275,46
215,7276,46
215,7277,46
215,7278,46
215,7279,46
1102,728,21
215,7280,46
215,7281,46
215,7282,46
215,7283,46
215,7284,24
215,7285,24
215,7286,24
215,7287,21
215,7288,21
215,7289,21
1102,729,21
215,7290,21
215,7291,21
215,7292,21
215,7293,24
215,7294,24
215,7295,24
215,7296,24
215,7297,21
215,7298,21
215,7299,21
1001,73,24
1102,730,21
215,7300,21
215,7301,21
215,7302,21
215,7303,21
215,7304,23
215,7305,23
215,7306,23
215,7307,23
215,7308,23
215,7309,23
1102,731,21
215,7310,23
215,7311,23
215,7312,23
215,7313,23
215,7314,23
215,7315,24
215,7316,24
215,7317,24
215,7318,24
215,7319,24
1102,732,21
215,7320,24
215,7321,24
215,7322,24
215,7323,21
215,7324,21
215,7325,21
215,7326,21
215,7327,21
215,7328,21
215,7329,46
1102,733,21
215,7330,46
215,7331,46
215,7332,46
215,7333,46
215,7334,46
215,7335,46
215,7336,46
215,7337,46
215,7338,46
215,7339,46
1102,734,21
5000,7340,24
5000,7341,24
5000,7342,24
5000,7343,24
5000,7344,24
5000,7345,24
183,7346,23
183,7347,23
183,7348,23
183,7349,23
1102,735,21
183,7350,23
183,7351,23
183,7352,23
183,7353,23
183,7354,23
183,7355,23
183,7356,23
183,7357,23
183,7358,23
183,7359,24
1102,736,21
183,7360,24
183,7361,24
183,7362,24
183,7363,24
183,7364,24
183,7365,24
183,7366,46
183,7367,46
183,7368,46
183,7369,46
1102,737,21
183,7370,46
183,7371,46
183,7372,46
183,7373,46
183,7374,46
183,7375,46
183,7376,46
183,7377,46
183,7378,46
183,7379,23
1102,738,21
183,7380,23
183,7381,23
183,7382,23
183,7383,23
183,7384,23
183,7385,23
183,7386,23
183,7387,23
183,7388,23
183,7389,23
1102,739,21
183,7390,23
183,7391,23
183,7392,24
183,7393,24
183,7394,24
183,7395,24
183,7396,24
183,7397,24
183,7398,24
183,7399,46
1001,74,24
1102,740,21
183,7400,46
183,7401,46
183,7402,46
183,7403,46
183,7404,46
183,7405,46
183,7406,46
183,7407,46
183,7408,46
183,7409,46
1102,741,21
183,7410,46
183,7411,46
183,7412,23
183,7413,24
183,7414,46
183,7415,23
183,7416,24
183,7417,46
248,7418,23
248,7419,23
1102,742,21
248,7420,23
248,7421,24
248,7422,24
248,7423,24
248,7424,21
248,7425,21
248,7426,46
248,7427,46
248,7428,46
248,7429,23
1102,743,21
248,7430,24
248,7431,46
248,7432,23
248,7433,23
248,7434,24
248,7435,24
248,7436,21
248,7437,46
248,7438,46
248,7439,23
1102,744,21
248,7440,23
248,7441,23
248,7442,23
248,7443,23
248,7444,23
248,7445,23
248,7446,23
248,7447,23
248,7448,23
248,7449,24
1102,745,21
248,7450,24
248,7451,24
248,7452,24
248,7453,24
248,7454,24
248,7455,24
248,7456,24
248,7457,24
248,7458,24
248,7459,21
1102,746,21
248,7460,21
248,7461,21
248,7462,21
248,7463,21
248,7464,46
248,7465,46
248,7466,46
248,7467,46
248,7468,46
248,7469,46
1102,747,21
248,7470,46
248,7471,46
248,7472,46
248,7473,46
248,7474,23
248,7475,23
248,7476,23
248,7477,23
248,7478,23
248,7479,23
1102,748,21
248,7480,23
248,7481,23
248,7482,23
248,7483,23
248,7484,23
248,7485,24
248,7486,24
248,7487,24
248,7488,24
248,7489,24
1102,749,21
248,7490,24
248,7491,24
248,7492,24
248,7493,24
248,7494,24
248,7495,24
248,7496,21
248,7497,21
248,7498,21
248,7499,21
1001,75,24
1102,750,21
248,7500,21
248,7501,46
248,7502,46
248,7503,46
248,7504,46
248,7505,46
248,7506,46
248,7507,46
248,7508,46
248,7509,46
1102,751,21
248,7510,46
248,7511,46
112,7512,23
112,7513,23
112,7514,23
112,7515,23
112,7516,23
112,7517,23
112,7518,23
112,7519,23
1102,752,21
112,7520,23
112,7521,23
112,7522,23
112,7523,23
112,7524,46
112,7525,46
112,7526,46
112,7527,46
112,7528,46
112,7529,46
1102,753,21
112,7530,46
112,7531,46
112,7532,46
112,7533,46
112,7534,46
112,7535,46
112,7536,23
112,7537,23
112,7538,23
112,7539,23
1102,754,21
112,7540,23
112,7541,23
112,7542,23
112,7543,23
112,7544,23
112,7545,23
112,7546,23
112,7547,23
112,7548,46
112,7549,46
1102,755,21
112,7550,46
112,7551,46
112,7552,46
112,7553,46
112,7554,46
112,7555,46
112,7556,46
112,7557,46
112,7558,46
112,7559,46
1102,756,21
1102,757,21
1102,758,21
1102,759,21
1001,76,24
1102,760,21
1102,761,21
1102,762,21
1102,763,21
1102,764,21
1102,765,21
1102,766,21
1102,767,21
1102,768,21
1102,769,21
1001,77,24
1102,770,21
1102,771,21
1102,772,21
1102,773,21
1102,774,21
1102,775,21
1102,776,46
1102,777,46
1102,778,46
1102,779,46
1001,78,24
1102,780,46
1102,781,46
1102,782,46
1102,783,46
1102,784,46
1102,785,46
1102,786,46
1102,787,46
1102,788,46
1102,789,46
1001,79,24
1102,790,46
1102,791,46
1102,792,46
1102,793,46
1102,794,46
1102,795,46
1102,796,46
1102,797,46
1102,798,46
1102,799,46
1001,8,23
1001,80,24
1102,800,46
1102,801,46
1102,802,46
1102,803,46
1102,804,46
1102,805,46
1102,806,46
1102,807,46
1102,808,46
1102,809,46
1001,81,24
1102,810,46
1102,811,46
1102,812,46
1102,813,46
1102,814,46
1102,815,46
1102,816,46
1102,817,46
1102,818,46
1102,819,46
1001,82,24
1102,820,46
1102,821,46
1102,822,46
1102,823,46
1102,824,46
1102,825,46
1102,826,46
1102,827,46
1102,828,46
1102,829,46
1001,83,24
1102,830,46
1102,831,46
1102,832,46
1102,833,46
1102,834,46
1102,835,46
1102,836,46
1102,837,46
1102,838,46
1102,839,46
1001,84,24
1102,840,46
1102,841,46
1102,842,46
1102,843,46
1102,844,46
1102,845,46
1102,846,46
1102,847,23
1102,848,23
1102,849,23
1001,85,24
1102,850,23
1102,851,24
1102,852,24
1102,853,24
1102,854,46
1102,855,46
1102,856,46
1102,857,46
1102,858,23
1102,859,23
1001,86,24
1102,860,23
1102,861,23
1102,862,24
1102,863,24
1102,864,24
1102,865,21
1102,866,46
1102,867,46
1102,868,46
1102,869,46
1001,87,24
1011,870,23
1011,871,23
1011,872,23
1011,873,23
1011,874,23
1011,875,23
1011,876,23
1011,877,23
1011,878,23
1011,879,23
1001,88,24
1011,880,23
1011,881,23
1011,882,23
1011,883,23
1011,884,23
1011,885,23
1011,886,23
1011,887,23
1011,888,23
1011,889,23
1001,89,24
1011,890,23
1011,891,23
1011,892,23
1011,893,23
1011,894,23
1011,895,23
1011,896,23
1011,897,23
1011,898,23
1011,899,23
1001,9,23
1001,90,24
1011,900,23
1011,901,23
1011,902,23
1011,903,23
1011,904,23
1011,905,23
1011,906,23
1011,907,23
1011,908,23
1011,909,23
1001,91,24
1011,910,23
1011,911,23
1011,912,23
1011,913,23
1011,914,23
1011,915,23
1011,916,23
1011,917,23
1011,918,23
1011,919,23
1001,92,24
1011,920,23
1011,921,23
1011,922,23
1011,923,23
1011,924,23
1011,925,23
1011,926,23
1011,927,23
1011,928,23
1011,929,23
1001,93,24
1011,930,23
1011,931,23
1011,932,23
1011,933,24
1011,934,24
1011,935,24
1011,936,24
1011,937,24
1011,938,24
1011,939,24
1001,94,24
1011,940,24
1011,941,24
1011,942,24
1011,943,24
1011,944,24
1011,945,24
1011,946,24
1011,947,24
1011,948,24
1011,949,24
1001,95,24
1011,950,24
1011,951,24
1011,952,24
1011,953,24
1011,954,24
1011,955,24
1011,956,24
1011,957,24
1011,958,24
1011,959,24
1001,96,24
1011,960,24
1011,961,24
1011,962,24
1011,963,24
1011,964,24
1011,965,24
1011,966,24
1011,967,24
1011,968,24
1011,969,24
1001,97,24
1011,970,24
1011,971,24
1011,972,24
1011,973,24
1011,974,24
1011,975,24
1011,976,46
1011,977,46
1011,978,46
1011,979,46
1001,98,24
1011,980,46
1011,981,46
1011,982,46
1011,983,46
1011,984,46
1011,985,46
1011,986,46
1011,987,46
1011,988,46
1011,989,46
1001,99,24
1011,990,46
1011,991,46
1011,992,46
1011,993,46
1011,994,46
1011,995,46
1011,996,46
1011,997,46
1011,998,46
1011,999,46
